 #                    time                    posx                    posy                    velx                    vely                  anal_y                   err_y
      0.00000000000000E+00    0.00000000000000E+00    0.00000000000000E+00    0.15000000000000E+02    0.25980762113533E+02    0.00000000000000E+00    0.00000000000000E+00
      0.10000000000000E-01    0.15000000000000E+00    0.25980762113533E+00    0.15000000000000E+02    0.25882762113533E+02    0.25931762113533E+00    0.18895746376767E-02
      0.20000000000000E-01    0.30000000000000E+00    0.51863524227066E+00    0.15000000000000E+02    0.25784762113533E+02    0.51765524227066E+00    0.18931518894724E-02
      0.30000000000000E-01    0.45000000000000E+00    0.77648286340599E+00    0.15000000000000E+02    0.25686762113533E+02    0.77501286340599E+00    0.18967427115208E-02
      0.40000000000000E-01    0.60000000000000E+00    0.10333504845413E+01    0.15000000000000E+02    0.25588762113533E+02    0.10313904845413E+01    0.19003471811860E-02
      0.50000000000000E-01    0.75000000000000E+00    0.12892381056767E+01    0.15000000000000E+02    0.25490762113533E+02    0.12867881056767E+01    0.19039653764220E-02
      0.60000000000000E-01    0.90000000000000E+00    0.15441457268120E+01    0.15000000000000E+02    0.25392762113533E+02    0.15412057268120E+01    0.19075973757777E-02
      0.70000000000000E-01    0.10500000000000E+01    0.17980733479473E+01    0.15000000000000E+02    0.25294762113533E+02    0.17946433479473E+01    0.19112432584020E-02
      0.80000000000000E-01    0.12000000000000E+01    0.20510209690827E+01    0.15000000000000E+02    0.25196762113533E+02    0.20471009690827E+01    0.19149031040499E-02
      0.90000000000000E-01    0.13500000000000E+01    0.23029885902180E+01    0.15000000000000E+02    0.25098762113533E+02    0.22985785902180E+01    0.19185769930896E-02
      0.10000000000000E+00    0.15000000000000E+01    0.25539762113533E+01    0.15000000000000E+02    0.25000762113533E+02    0.25490762113533E+01    0.19222650065055E-02
      0.11000000000000E+00    0.16500000000000E+01    0.28039838324886E+01    0.15000000000000E+02    0.24902762113533E+02    0.27985938324886E+01    0.19259672259076E-02
      0.12000000000000E+00    0.18000000000000E+01    0.30530114536240E+01    0.15000000000000E+02    0.24804762113533E+02    0.30471314536240E+01    0.19296837335349E-02
      0.13000000000000E+00    0.19500000000000E+01    0.33010590747593E+01    0.15000000000000E+02    0.24706762113533E+02    0.32946890747593E+01    0.19334146122624E-02
      0.14000000000000E+00    0.21000000000000E+01    0.35481266958946E+01    0.15000000000000E+02    0.24608762113533E+02    0.35412666958946E+01    0.19371599456074E-02
      0.15000000000000E+00    0.22500000000000E+01    0.37942143170300E+01    0.15000000000000E+02    0.24510762113533E+02    0.37868643170300E+01    0.19409198177361E-02
      0.16000000000000E+00    0.24000000000000E+01    0.40393219381653E+01    0.15000000000000E+02    0.24412762113533E+02    0.40314819381653E+01    0.19446943134684E-02
      0.17000000000000E+00    0.25500000000000E+01    0.42834495593006E+01    0.15000000000000E+02    0.24314762113533E+02    0.42751195593006E+01    0.19484835182861E-02
      0.18000000000000E+00    0.27000000000000E+01    0.45265971804360E+01    0.15000000000000E+02    0.24216762113533E+02    0.45177771804360E+01    0.19522875183386E-02
      0.19000000000000E+00    0.28500000000000E+01    0.47687648015713E+01    0.15000000000000E+02    0.24118762113533E+02    0.47594548015713E+01    0.19561064004487E-02
      0.20000000000000E+00    0.30000000000000E+01    0.50099524227066E+01    0.15000000000000E+02    0.24020762113533E+02    0.50001524227066E+01    0.19599402521204E-02
      0.21000000000000E+00    0.31500000000000E+01    0.52501600438420E+01    0.15000000000000E+02    0.23922762113533E+02    0.52398700438420E+01    0.19637891615448E-02
      0.22000000000000E+00    0.33000000000000E+01    0.54893876649773E+01    0.15000000000000E+02    0.23824762113533E+02    0.54786076649773E+01    0.19676532176073E-02
      0.23000000000000E+00    0.34500000000000E+01    0.57276352861126E+01    0.15000000000000E+02    0.23726762113533E+02    0.57163652861126E+01    0.19715325098940E-02
      0.24000000000000E+00    0.36000000000000E+01    0.59649029072480E+01    0.15000000000000E+02    0.23628762113533E+02    0.59531429072480E+01    0.19754271286990E-02
      0.25000000000000E+00    0.37500000000000E+01    0.62011905283833E+01    0.15000000000000E+02    0.23530762113533E+02    0.61889405283833E+01    0.19793371650318E-02
      0.26000000000000E+00    0.39000000000000E+01    0.64364981495186E+01    0.15000000000000E+02    0.23432762113533E+02    0.64237581495186E+01    0.19832627106231E-02
      0.27000000000000E+00    0.40500000000000E+01    0.66708257706540E+01    0.15000000000000E+02    0.23334762113533E+02    0.66575957706540E+01    0.19872038579330E-02
      0.28000000000000E+00    0.42000000000000E+01    0.69041733917893E+01    0.15000000000000E+02    0.23236762113533E+02    0.68904533917893E+01    0.19911607001581E-02
      0.29000000000000E+00    0.43500000000000E+01    0.71365410129246E+01    0.15000000000000E+02    0.23138762113533E+02    0.71223310129246E+01    0.19951333312387E-02
      0.30000000000000E+00    0.45000000000000E+01    0.73679286340600E+01    0.15000000000000E+02    0.23040762113533E+02    0.73532286340599E+01    0.19991218458667E-02
      0.31000000000000E+00    0.46500000000000E+01    0.75983362551953E+01    0.15000000000000E+02    0.22942762113533E+02    0.75831462551953E+01    0.20031263394921E-02
      0.32000000000000E+00    0.48000000000000E+01    0.78277638763306E+01    0.15000000000000E+02    0.22844762113533E+02    0.78120838763306E+01    0.20071469083314E-02
      0.33000000000000E+00    0.49500000000000E+01    0.80562114974659E+01    0.15000000000000E+02    0.22746762113533E+02    0.80400414974659E+01    0.20111836493753E-02
      0.34000000000000E+00    0.51000000000000E+01    0.82836791186013E+01    0.15000000000000E+02    0.22648762113533E+02    0.82670191186013E+01    0.20152366603962E-02
      0.35000000000000E+00    0.52500000000000E+01    0.85101667397366E+01    0.15000000000000E+02    0.22550762113533E+02    0.84930167397366E+01    0.20193060399568E-02
      0.36000000000000E+00    0.54000000000000E+01    0.87356743608719E+01    0.15000000000000E+02    0.22452762113533E+02    0.87180343608719E+01    0.20233918874162E-02
      0.37000000000000E+00    0.55500000000000E+01    0.89602019820073E+01    0.15000000000000E+02    0.22354762113533E+02    0.89420719820073E+01    0.20274943029406E-02
      0.38000000000000E+00    0.57000000000000E+01    0.91837496031426E+01    0.15000000000000E+02    0.22256762113533E+02    0.91651296031426E+01    0.20316133875095E-02
      0.39000000000000E+00    0.58500000000000E+01    0.94063172242779E+01    0.15000000000000E+02    0.22158762113533E+02    0.93872072242779E+01    0.20357492429249E-02
      0.40000000000000E+00    0.60000000000000E+01    0.96279048454133E+01    0.15000000000000E+02    0.22060762113533E+02    0.96083048454133E+01    0.20399019718196E-02
      0.41000000000000E+00    0.61500000000000E+01    0.98485124665486E+01    0.15000000000000E+02    0.21962762113533E+02    0.98284224665486E+01    0.20440716776655E-02
      0.42000000000000E+00    0.63000000000000E+01    0.10068140087684E+02    0.15000000000000E+02    0.21864762113533E+02    0.10047560087684E+02    0.20482584647820E-02
      0.43000000000000E+00    0.64500000000000E+01    0.10286787708819E+02    0.15000000000000E+02    0.21766762113533E+02    0.10265717708819E+02    0.20524624383449E-02
      0.44000000000000E+00    0.66000000000000E+01    0.10504455329955E+02    0.15000000000000E+02    0.21668762113533E+02    0.10482895329955E+02    0.20566837043958E-02
      0.45000000000000E+00    0.67500000000000E+01    0.10721142951090E+02    0.15000000000000E+02    0.21570762113533E+02    0.10699092951090E+02    0.20609223698498E-02
      0.46000000000000E+00    0.69000000000000E+01    0.10936850572225E+02    0.15000000000000E+02    0.21472762113533E+02    0.10914310572225E+02    0.20651785425060E-02
      0.47000000000000E+00    0.70500000000000E+01    0.11151578193361E+02    0.15000000000000E+02    0.21374762113533E+02    0.11128548193361E+02    0.20694523310548E-02
      0.48000000000000E+00    0.72000000000000E+01    0.11365325814496E+02    0.15000000000000E+02    0.21276762113533E+02    0.11341805814496E+02    0.20737438450889E-02
      0.49000000000000E+00    0.73500000000000E+01    0.11578093435631E+02    0.15000000000000E+02    0.21178762113533E+02    0.11554083435631E+02    0.20780531951121E-02
      0.50000000000000E+00    0.75000000000000E+01    0.11789881056767E+02    0.15000000000000E+02    0.21080762113533E+02    0.11765381056767E+02    0.20823804925484E-02
      0.51000000000000E+00    0.76500000000000E+01    0.12000688677902E+02    0.15000000000000E+02    0.20982762113533E+02    0.11975698677902E+02    0.20867258497512E-02
      0.52000000000000E+00    0.78000000000000E+01    0.12210516299037E+02    0.15000000000000E+02    0.20884762113533E+02    0.12185036299037E+02    0.20910893800146E-02
      0.53000000000000E+00    0.79500000000000E+01    0.12419363920173E+02    0.15000000000000E+02    0.20786762113533E+02    0.12393393920173E+02    0.20954711975820E-02
      0.54000000000000E+00    0.81000000000000E+01    0.12627231541308E+02    0.15000000000000E+02    0.20688762113533E+02    0.12600771541308E+02    0.20998714176563E-02
      0.55000000000000E+00    0.82500000000000E+01    0.12834119162443E+02    0.15000000000000E+02    0.20590762113533E+02    0.12807169162443E+02    0.21042901564102E-02
      0.56000000000000E+00    0.84000000000000E+01    0.13040026783579E+02    0.15000000000000E+02    0.20492762113533E+02    0.13012586783579E+02    0.21087275309962E-02
      0.57000000000000E+00    0.85500000000000E+01    0.13244954404714E+02    0.15000000000000E+02    0.20394762113533E+02    0.13217024404714E+02    0.21131836595572E-02
      0.58000000000000E+00    0.87000000000000E+01    0.13448902025849E+02    0.15000000000000E+02    0.20296762113533E+02    0.13420482025849E+02    0.21176586612367E-02
      0.59000000000000E+00    0.88500000000000E+01    0.13651869646985E+02    0.15000000000000E+02    0.20198762113533E+02    0.13622959646985E+02    0.21221526561897E-02
      0.60000000000000E+00    0.90000000000000E+01    0.13853857268120E+02    0.15000000000000E+02    0.20100762113533E+02    0.13824457268120E+02    0.21266657655929E-02
      0.61000000000000E+00    0.91500000000000E+01    0.14054864889255E+02    0.15000000000000E+02    0.20002762113533E+02    0.14024974889255E+02    0.21311981116568E-02
      0.62000000000000E+00    0.93000000000000E+01    0.14254892510391E+02    0.15000000000000E+02    0.19904762113533E+02    0.14224512510391E+02    0.21357498176350E-02
      0.63000000000000E+00    0.94500000000000E+01    0.14453940131526E+02    0.15000000000000E+02    0.19806762113533E+02    0.14423070131526E+02    0.21403210078372E-02
      0.64000000000000E+00    0.96000000000000E+01    0.14652007752661E+02    0.15000000000000E+02    0.19708762113533E+02    0.14620647752661E+02    0.21449118076392E-02
      0.65000000000000E+00    0.97500000000000E+01    0.14849095373797E+02    0.15000000000000E+02    0.19610762113533E+02    0.14817245373797E+02    0.21495223434943E-02
      0.66000000000000E+00    0.99000000000000E+01    0.15045202994932E+02    0.15000000000000E+02    0.19512762113533E+02    0.15012862994932E+02    0.21541527429467E-02
      0.67000000000000E+00    0.10050000000000E+02    0.15240330616067E+02    0.15000000000000E+02    0.19414762113533E+02    0.15207500616067E+02    0.21588031346407E-02
      0.68000000000000E+00    0.10200000000000E+02    0.15434478237203E+02    0.15000000000000E+02    0.19316762113533E+02    0.15401158237203E+02    0.21634736483346E-02
      0.69000000000000E+00    0.10350000000000E+02    0.15627645858338E+02    0.15000000000000E+02    0.19218762113533E+02    0.15593835858338E+02    0.21681644149113E-02
      0.70000000000000E+00    0.10500000000000E+02    0.15819833479473E+02    0.15000000000000E+02    0.19120762113533E+02    0.15785533479473E+02    0.21728755663926E-02
      0.71000000000000E+00    0.10650000000000E+02    0.16011041100609E+02    0.15000000000000E+02    0.19022762113533E+02    0.15976251100609E+02    0.21776072359487E-02
      0.72000000000000E+00    0.10800000000000E+02    0.16201268721744E+02    0.15000000000000E+02    0.18924762113533E+02    0.16165988721744E+02    0.21823595579136E-02
      0.73000000000000E+00    0.10950000000000E+02    0.16390516342879E+02    0.15000000000000E+02    0.18826762113533E+02    0.16354746342879E+02    0.21871326677955E-02
      0.74000000000000E+00    0.11100000000000E+02    0.16578783964015E+02    0.15000000000000E+02    0.18728762113533E+02    0.16542523964015E+02    0.21919267022917E-02
      0.75000000000000E+00    0.11250000000000E+02    0.16766071585150E+02    0.15000000000000E+02    0.18630762113533E+02    0.16729321585150E+02    0.21967417992997E-02
      0.76000000000000E+00    0.11400000000000E+02    0.16952379206285E+02    0.15000000000000E+02    0.18532762113533E+02    0.16915139206285E+02    0.22015780979316E-02
      0.77000000000000E+00    0.11550000000000E+02    0.17137706827421E+02    0.15000000000000E+02    0.18434762113533E+02    0.17099976827421E+02    0.22064357385282E-02
      0.78000000000000E+00    0.11700000000000E+02    0.17322054448556E+02    0.15000000000000E+02    0.18336762113533E+02    0.17283834448556E+02    0.22113148626703E-02
      0.79000000000000E+00    0.11850000000000E+02    0.17505422069691E+02    0.15000000000000E+02    0.18238762113533E+02    0.17466712069691E+02    0.22162156131947E-02
      0.80000000000000E+00    0.12000000000000E+02    0.17687809690827E+02    0.15000000000000E+02    0.18140762113533E+02    0.17648609690827E+02    0.22211381342068E-02
      0.81000000000000E+00    0.12150000000000E+02    0.17869217311962E+02    0.15000000000000E+02    0.18042762113533E+02    0.17829527311962E+02    0.22260825710955E-02
      0.82000000000000E+00    0.12300000000000E+02    0.18049644933097E+02    0.15000000000000E+02    0.17944762113533E+02    0.18009464933097E+02    0.22310490705466E-02
      0.83000000000000E+00    0.12450000000000E+02    0.18229092554233E+02    0.15000000000000E+02    0.17846762113533E+02    0.18188422554233E+02    0.22360377805587E-02
      0.84000000000000E+00    0.12600000000000E+02    0.18407560175368E+02    0.15000000000000E+02    0.17748762113533E+02    0.18366400175368E+02    0.22410488504564E-02
      0.85000000000000E+00    0.12750000000000E+02    0.18585047796503E+02    0.15000000000000E+02    0.17650762113533E+02    0.18543397796503E+02    0.22460824309061E-02
      0.86000000000000E+00    0.12900000000000E+02    0.18761555417639E+02    0.15000000000000E+02    0.17552762113533E+02    0.18719415417639E+02    0.22511386739311E-02
      0.87000000000000E+00    0.13050000000000E+02    0.18937083038774E+02    0.15000000000000E+02    0.17454762113533E+02    0.18894453038774E+02    0.22562177329266E-02
      0.88000000000000E+00    0.13200000000000E+02    0.19111630659909E+02    0.15000000000000E+02    0.17356762113533E+02    0.19068510659909E+02    0.22613197626751E-02
      0.89000000000000E+00    0.13350000000000E+02    0.19285198281045E+02    0.15000000000000E+02    0.17258762113533E+02    0.19241588281045E+02    0.22664449193622E-02
      0.90000000000000E+00    0.13500000000000E+02    0.19457785902180E+02    0.15000000000000E+02    0.17160762113533E+02    0.19413685902180E+02    0.22715933605933E-02
      0.91000000000000E+00    0.13650000000000E+02    0.19629393523315E+02    0.15000000000000E+02    0.17062762113533E+02    0.19584803523315E+02    0.22767652454083E-02
      0.92000000000000E+00    0.13800000000000E+02    0.19800021144451E+02    0.15000000000000E+02    0.16964762113533E+02    0.19754941144451E+02    0.22819607342997E-02
      0.93000000000000E+00    0.13950000000000E+02    0.19969668765586E+02    0.15000000000000E+02    0.16866762113533E+02    0.19924098765586E+02    0.22871799892273E-02
      0.94000000000000E+00    0.14100000000000E+02    0.20138336386721E+02    0.15000000000000E+02    0.16768762113533E+02    0.20092276386721E+02    0.22924231736369E-02
      0.95000000000000E+00    0.14250000000000E+02    0.20306024007857E+02    0.15000000000000E+02    0.16670762113533E+02    0.20259474007857E+02    0.22976904524759E-02
      0.96000000000000E+00    0.14400000000000E+02    0.20472731628992E+02    0.15000000000000E+02    0.16572762113533E+02    0.20425691628992E+02    0.23029819922117E-02
      0.97000000000000E+00    0.14550000000000E+02    0.20638459250127E+02    0.15000000000000E+02    0.16474762113533E+02    0.20590929250127E+02    0.23082979608482E-02
      0.98000000000000E+00    0.14700000000000E+02    0.20803206871263E+02    0.15000000000000E+02    0.16376762113533E+02    0.20755186871263E+02    0.23136385279446E-02
      0.99000000000000E+00    0.14850000000000E+02    0.20966974492398E+02    0.15000000000000E+02    0.16278762113533E+02    0.20918464492398E+02    0.23190038646322E-02
      0.10000000000000E+01    0.15000000000000E+02    0.21129762113533E+02    0.15000000000000E+02    0.16180762113533E+02    0.21080762113533E+02    0.23243941436342E-02
      0.10100000000000E+01    0.15150000000000E+02    0.21291569734669E+02    0.15000000000000E+02    0.16082762113533E+02    0.21242079734668E+02    0.23298095392832E-02
      0.10200000000000E+01    0.15300000000000E+02    0.21452397355804E+02    0.15000000000000E+02    0.15984762113533E+02    0.21402417355804E+02    0.23352502275399E-02
      0.10300000000000E+01    0.15450000000000E+02    0.21612244976939E+02    0.15000000000000E+02    0.15886762113533E+02    0.21561774976939E+02    0.23407163860130E-02
      0.10400000000000E+01    0.15600000000000E+02    0.21771112598075E+02    0.15000000000000E+02    0.15788762113533E+02    0.21720152598074E+02    0.23462081939776E-02
      0.10500000000000E+01    0.15750000000000E+02    0.21929000219210E+02    0.15000000000000E+02    0.15690762113533E+02    0.21877550219210E+02    0.23517258323958E-02
      0.10600000000000E+01    0.15900000000000E+02    0.22085907840345E+02    0.15000000000000E+02    0.15592762113533E+02    0.22033967840345E+02    0.23572694839349E-02
      0.10700000000000E+01    0.16050000000000E+02    0.22241835461481E+02    0.15000000000000E+02    0.15494762113533E+02    0.22189405461480E+02    0.23628393329901E-02
      0.10800000000000E+01    0.16200000000000E+02    0.22396783082616E+02    0.15000000000000E+02    0.15396762113533E+02    0.22343863082616E+02    0.23684355657023E-02
      0.10900000000000E+01    0.16350000000000E+02    0.22550750703751E+02    0.15000000000000E+02    0.15298762113533E+02    0.22497340703751E+02    0.23740583699811E-02
      0.11000000000000E+01    0.16500000000000E+02    0.22703738324887E+02    0.15000000000000E+02    0.15200762113533E+02    0.22649838324886E+02    0.23797079355235E-02
      0.11100000000000E+01    0.16650000000000E+02    0.22855745946022E+02    0.15000000000000E+02    0.15102762113533E+02    0.22801355946022E+02    0.23853844538375E-02
      0.11200000000000E+01    0.16800000000000E+02    0.23006773567157E+02    0.15000000000000E+02    0.15004762113533E+02    0.22951893567157E+02    0.23910881182626E-02
      0.11300000000000E+01    0.16950000000000E+02    0.23156821188293E+02    0.15000000000000E+02    0.14906762113533E+02    0.23101451188292E+02    0.23968191239916E-02
      0.11400000000000E+01    0.17100000000000E+02    0.23305888809428E+02    0.15000000000000E+02    0.14808762113533E+02    0.23250028809428E+02    0.24025776680934E-02
      0.11500000000000E+01    0.17250000000000E+02    0.23453976430563E+02    0.15000000000000E+02    0.14710762113533E+02    0.23397626430563E+02    0.24083639495351E-02
      0.11600000000000E+01    0.17400000000000E+02    0.23601084051699E+02    0.15000000000000E+02    0.14612762113533E+02    0.23544244051698E+02    0.24141781692058E-02
      0.11700000000000E+01    0.17550000000000E+02    0.23747211672834E+02    0.15000000000000E+02    0.14514762113533E+02    0.23689881672834E+02    0.24200205299380E-02
      0.11800000000000E+01    0.17700000000000E+02    0.23892359293969E+02    0.15000000000000E+02    0.14416762113533E+02    0.23834539293969E+02    0.24258912365339E-02
      0.11900000000000E+01    0.17850000000000E+02    0.24036526915105E+02    0.15000000000000E+02    0.14318762113533E+02    0.23978216915104E+02    0.24317904957867E-02
      0.12000000000000E+01    0.18000000000000E+02    0.24179714536240E+02    0.15000000000000E+02    0.14220762113533E+02    0.24120914536240E+02    0.24377185165065E-02
      0.12100000000000E+01    0.18150000000000E+02    0.24321922157375E+02    0.15000000000000E+02    0.14122762113533E+02    0.24262632157375E+02    0.24436755095445E-02
      0.12200000000000E+01    0.18300000000000E+02    0.24463149778511E+02    0.15000000000000E+02    0.14024762113533E+02    0.24403369778510E+02    0.24496616878176E-02
      0.12300000000000E+01    0.18450000000000E+02    0.24603397399646E+02    0.15000000000000E+02    0.13926762113533E+02    0.24543127399646E+02    0.24556772663347E-02
      0.12400000000000E+01    0.18600000000000E+02    0.24742665020781E+02    0.15000000000000E+02    0.13828762113533E+02    0.24681905020781E+02    0.24617224622213E-02
      0.12500000000000E+01    0.18750000000000E+02    0.24880952641917E+02    0.15000000000000E+02    0.13730762113533E+02    0.24819702641916E+02    0.24677974947461E-02
      0.12600000000000E+01    0.18900000000000E+02    0.25018260263052E+02    0.15000000000000E+02    0.13632762113533E+02    0.24956520263052E+02    0.24739025853486E-02
      0.12700000000000E+01    0.19050000000000E+02    0.25154587884187E+02    0.15000000000000E+02    0.13534762113533E+02    0.25092357884187E+02    0.24800379576639E-02
      0.12800000000000E+01    0.19200000000000E+02    0.25289935505323E+02    0.15000000000000E+02    0.13436762113533E+02    0.25227215505322E+02    0.24862038375516E-02
      0.12900000000000E+01    0.19350000000000E+02    0.25424303126458E+02    0.15000000000000E+02    0.13338762113533E+02    0.25361093126458E+02    0.24924004531225E-02
      0.13000000000000E+01    0.19500000000000E+02    0.25557690747593E+02    0.15000000000000E+02    0.13240762113533E+02    0.25493990747593E+02    0.24986280347686E-02
      0.13100000000000E+01    0.19650000000000E+02    0.25690098368729E+02    0.15000000000000E+02    0.13142762113533E+02    0.25625908368728E+02    0.25048868151891E-02
      0.13200000000000E+01    0.19800000000000E+02    0.25821525989864E+02    0.15000000000000E+02    0.13044762113533E+02    0.25756845989864E+02    0.25111770294207E-02
      0.13300000000000E+01    0.19950000000000E+02    0.25951973610999E+02    0.15000000000000E+02    0.12946762113533E+02    0.25886803610999E+02    0.25174989148674E-02
      0.13400000000000E+01    0.20100000000000E+02    0.26081441232135E+02    0.15000000000000E+02    0.12848762113533E+02    0.26015781232134E+02    0.25238527113293E-02
      0.13500000000000E+01    0.20250000000000E+02    0.26209928853270E+02    0.15000000000000E+02    0.12750762113533E+02    0.26143778853270E+02    0.25302386610343E-02
      0.13600000000000E+01    0.20400000000000E+02    0.26337436474405E+02    0.15000000000000E+02    0.12652762113533E+02    0.26270796474405E+02    0.25366570086675E-02
      0.13700000000000E+01    0.20550000000000E+02    0.26463964095541E+02    0.15000000000000E+02    0.12554762113533E+02    0.26396834095540E+02    0.25431080014030E-02
      0.13800000000000E+01    0.20700000000000E+02    0.26589511716676E+02    0.15000000000000E+02    0.12456762113533E+02    0.26521891716676E+02    0.25495918889359E-02
      0.13900000000000E+01    0.20850000000000E+02    0.26714079337811E+02    0.15000000000000E+02    0.12358762113533E+02    0.26645969337811E+02    0.25561089235145E-02
      0.14000000000000E+01    0.21000000000000E+02    0.26837666958947E+02    0.15000000000000E+02    0.12260762113533E+02    0.26769066958946E+02    0.25626593599725E-02
      0.14100000000000E+01    0.21150000000000E+02    0.26960274580082E+02    0.15000000000000E+02    0.12162762113533E+02    0.26891184580082E+02    0.25692434557625E-02
      0.14200000000000E+01    0.21300000000000E+02    0.27081902201217E+02    0.15000000000000E+02    0.12064762113533E+02    0.27012322201217E+02    0.25758614709900E-02
      0.14300000000000E+01    0.21450000000000E+02    0.27202549822353E+02    0.15000000000000E+02    0.11966762113533E+02    0.27132479822352E+02    0.25825136684466E-02
      0.14400000000000E+01    0.21600000000000E+02    0.27322217443488E+02    0.15000000000000E+02    0.11868762113533E+02    0.27251657443488E+02    0.25892003136470E-02
      0.14500000000000E+01    0.21750000000000E+02    0.27440905064623E+02    0.15000000000000E+02    0.11770762113533E+02    0.27369855064623E+02    0.25959216748618E-02
      0.14600000000000E+01    0.21900000000000E+02    0.27558612685759E+02    0.15000000000000E+02    0.11672762113533E+02    0.27487072685758E+02    0.26026780231549E-02
      0.14700000000000E+01    0.22050000000000E+02    0.27675340306894E+02    0.15000000000000E+02    0.11574762113533E+02    0.27603310306894E+02    0.26094696324191E-02
      0.14800000000000E+01    0.22200000000000E+02    0.27791087928029E+02    0.15000000000000E+02    0.11476762113533E+02    0.27718567928029E+02    0.26162967794144E-02
      0.14900000000000E+01    0.22350000000000E+02    0.27905855549164E+02    0.15000000000000E+02    0.11378762113533E+02    0.27832845549164E+02    0.26231597438038E-02
      0.15000000000000E+01    0.22500000000000E+02    0.28019643170300E+02    0.15000000000000E+02    0.11280762113533E+02    0.27946143170300E+02    0.26300588081937E-02
      0.15100000000000E+01    0.22650000000000E+02    0.28132450791435E+02    0.15000000000000E+02    0.11182762113533E+02    0.28058460791435E+02    0.26369942581692E-02
      0.15200000000000E+01    0.22800000000000E+02    0.28244278412570E+02    0.15000000000000E+02    0.11084762113533E+02    0.28169798412570E+02    0.26439663823384E-02
      0.15300000000000E+01    0.22950000000000E+02    0.28355126033706E+02    0.15000000000000E+02    0.10986762113533E+02    0.28280156033706E+02    0.26509754723677E-02
      0.15400000000000E+01    0.23100000000000E+02    0.28464993654841E+02    0.15000000000000E+02    0.10888762113533E+02    0.28389533654841E+02    0.26580218230255E-02
      0.15500000000000E+01    0.23250000000000E+02    0.28573881275976E+02    0.15000000000000E+02    0.10790762113533E+02    0.28497931275976E+02    0.26651057322225E-02
      0.15600000000000E+01    0.23400000000000E+02    0.28681788897112E+02    0.15000000000000E+02    0.10692762113533E+02    0.28605348897112E+02    0.26722275010532E-02
      0.15700000000000E+01    0.23550000000000E+02    0.28788716518247E+02    0.15000000000000E+02    0.10594762113533E+02    0.28711786518247E+02    0.26793874338399E-02
      0.15800000000000E+01    0.23700000000000E+02    0.28894664139382E+02    0.15000000000000E+02    0.10496762113533E+02    0.28817244139382E+02    0.26865858381747E-02
      0.15900000000000E+01    0.23850000000000E+02    0.28999631760518E+02    0.15000000000000E+02    0.10398762113533E+02    0.28921721760518E+02    0.26938230249642E-02
      0.16000000000000E+01    0.24000000000000E+02    0.29103619381653E+02    0.15000000000000E+02    0.10300762113533E+02    0.29025219381653E+02    0.27010993084738E-02
      0.16100000000000E+01    0.24150000000000E+02    0.29206627002788E+02    0.15000000000000E+02    0.10202762113533E+02    0.29127737002788E+02    0.27084150063748E-02
      0.16200000000000E+01    0.24300000000000E+02    0.29308654623924E+02    0.15000000000000E+02    0.10104762113533E+02    0.29229274623924E+02    0.27157704397878E-02
      0.16300000000000E+01    0.24450000000000E+02    0.29409702245059E+02    0.15000000000000E+02    0.10006762113533E+02    0.29329832245059E+02    0.27231659333322E-02
      0.16400000000000E+01    0.24600000000000E+02    0.29509769866194E+02    0.15000000000000E+02    0.99087621135332E+01    0.29429409866194E+02    0.27306018151728E-02
      0.16500000000000E+01    0.24750000000000E+02    0.29608857487330E+02    0.15000000000000E+02    0.98107621135332E+01    0.29528007487330E+02    0.27380784170682E-02
      0.16600000000000E+01    0.24900000000000E+02    0.29706965108465E+02    0.15000000000000E+02    0.97127621135332E+01    0.29625625108465E+02    0.27455960744217E-02
      0.16700000000000E+01    0.25050000000000E+02    0.29804092729600E+02    0.15000000000000E+02    0.96147621135332E+01    0.29722262729600E+02    0.27531551263289E-02
      0.16800000000000E+01    0.25200000000000E+02    0.29900240350736E+02    0.15000000000000E+02    0.95167621135332E+01    0.29817920350736E+02    0.27607559156306E-02
      0.16900000000000E+01    0.25350000000000E+02    0.29995407971871E+02    0.15000000000000E+02    0.94187621135332E+01    0.29912597971871E+02    0.27683987889639E-02
      0.17000000000000E+01    0.25500000000000E+02    0.30089595593006E+02    0.15000000000000E+02    0.93207621135332E+01    0.30006295593006E+02    0.27760840968156E-02
      0.17100000000000E+01    0.25650000000000E+02    0.30182803214142E+02    0.15000000000000E+02    0.92227621135332E+01    0.30099013214142E+02    0.27838121935748E-02
      0.17200000000000E+01    0.25800000000000E+02    0.30275030835277E+02    0.15000000000000E+02    0.91247621135332E+01    0.30190750835277E+02    0.27915834375878E-02
      0.17300000000000E+01    0.25950000000000E+02    0.30366278456412E+02    0.15000000000000E+02    0.90267621135332E+01    0.30281508456412E+02    0.27993981912133E-02
      0.17400000000000E+01    0.26100000000000E+02    0.30456546077548E+02    0.15000000000000E+02    0.89287621135332E+01    0.30371286077548E+02    0.28072568208800E-02
      0.17500000000000E+01    0.26250000000000E+02    0.30545833698683E+02    0.15000000000000E+02    0.88307621135332E+01    0.30460083698683E+02    0.28151596971416E-02
      0.17600000000000E+01    0.26400000000000E+02    0.30634141319818E+02    0.15000000000000E+02    0.87327621135332E+01    0.30547901319818E+02    0.28231071947370E-02
      0.17700000000000E+01    0.26550000000000E+02    0.30721468940954E+02    0.15000000000000E+02    0.86347621135332E+01    0.30634738940954E+02    0.28310996926484E-02
      0.17800000000000E+01    0.26700000000000E+02    0.30807816562089E+02    0.15000000000000E+02    0.85367621135332E+01    0.30720596562089E+02    0.28391375741620E-02
      0.17900000000000E+01    0.26850000000000E+02    0.30893184183224E+02    0.15000000000000E+02    0.84387621135332E+01    0.30805474183224E+02    0.28472212269292E-02
      0.18000000000000E+01    0.27000000000000E+02    0.30977571804360E+02    0.15000000000000E+02    0.83407621135332E+01    0.30889371804360E+02    0.28553510430294E-02
      0.18100000000000E+01    0.27150000000000E+02    0.31060979425495E+02    0.15000000000000E+02    0.82427621135332E+01    0.30972289425495E+02    0.28635274190321E-02
      0.18200000000000E+01    0.27300000000000E+02    0.31143407046630E+02    0.15000000000000E+02    0.81447621135332E+01    0.31054227046630E+02    0.28717507560624E-02
      0.18300000000000E+01    0.27450000000000E+02    0.31224854667766E+02    0.15000000000000E+02    0.80467621135332E+01    0.31135184667766E+02    0.28800214598673E-02
      0.18400000000000E+01    0.27600000000000E+02    0.31305322288901E+02    0.15000000000000E+02    0.79487621135332E+01    0.31215162288901E+02    0.28883399408804E-02
      0.18500000000000E+01    0.27750000000000E+02    0.31384809910036E+02    0.15000000000000E+02    0.78507621135332E+01    0.31294159910036E+02    0.28967066142915E-02
      0.18600000000000E+01    0.27900000000000E+02    0.31463317531172E+02    0.15000000000000E+02    0.77527621135332E+01    0.31372177531172E+02    0.29051219001151E-02
      0.18700000000000E+01    0.28050000000000E+02    0.31540845152307E+02    0.15000000000000E+02    0.76547621135332E+01    0.31449215152307E+02    0.29135862232599E-02
      0.18800000000000E+01    0.28200000000000E+02    0.31617392773442E+02    0.15000000000000E+02    0.75567621135332E+01    0.31525272773442E+02    0.29221000136027E-02
      0.18900000000000E+01    0.28350000000000E+02    0.31692960394578E+02    0.15000000000000E+02    0.74587621135332E+01    0.31600350394578E+02    0.29306637060580E-02
      0.19000000000000E+01    0.28500000000000E+02    0.31767548015713E+02    0.15000000000000E+02    0.73607621135332E+01    0.31674448015713E+02    0.29392777406546E-02
      0.19100000000000E+01    0.28650000000000E+02    0.31841155636848E+02    0.15000000000000E+02    0.72627621135332E+01    0.31747565636848E+02    0.29479425626094E-02
      0.19200000000000E+01    0.28800000000000E+02    0.31913783257984E+02    0.15000000000000E+02    0.71647621135332E+01    0.31819703257984E+02    0.29566586224055E-02
      0.19300000000000E+01    0.28950000000000E+02    0.31985430879119E+02    0.15000000000000E+02    0.70667621135332E+01    0.31890860879119E+02    0.29654263758689E-02
      0.19400000000000E+01    0.29100000000000E+02    0.32056098500254E+02    0.15000000000000E+02    0.69687621135332E+01    0.31961038500254E+02    0.29742462842485E-02
      0.19500000000000E+01    0.29250000000000E+02    0.32125786121390E+02    0.15000000000000E+02    0.68707621135332E+01    0.32030236121390E+02    0.29831188142973E-02
      0.19600000000000E+01    0.29400000000000E+02    0.32194493742525E+02    0.15000000000000E+02    0.67727621135332E+01    0.32098453742525E+02    0.29920444383545E-02
      0.19700000000000E+01    0.29550000000000E+02    0.32262221363660E+02    0.15000000000000E+02    0.66747621135332E+01    0.32165691363660E+02    0.30010236344292E-02
      0.19800000000000E+01    0.29700000000000E+02    0.32328968984796E+02    0.15000000000000E+02    0.65767621135332E+01    0.32231948984796E+02    0.30100568862861E-02
      0.19900000000000E+01    0.29850000000000E+02    0.32394736605931E+02    0.15000000000000E+02    0.64787621135332E+01    0.32297226605931E+02    0.30191446835314E-02
      0.20000000000000E+01    0.30000000000000E+02    0.32459524227066E+02    0.15000000000000E+02    0.63807621135332E+01    0.32361524227066E+02    0.30282875217025E-02
      0.20100000000000E+01    0.30150000000000E+02    0.32523331848202E+02    0.15000000000000E+02    0.62827621135332E+01    0.32424841848202E+02    0.30374859023581E-02
      0.20200000000000E+01    0.30300000000000E+02    0.32586159469337E+02    0.15000000000000E+02    0.61847621135332E+01    0.32487179469337E+02    0.30467403331685E-02
      0.20300000000000E+01    0.30450000000000E+02    0.32648007090472E+02    0.15000000000000E+02    0.60867621135332E+01    0.32548537090472E+02    0.30560513280099E-02
      0.20400000000000E+01    0.30600000000000E+02    0.32708874711608E+02    0.15000000000000E+02    0.59887621135332E+01    0.32608914711608E+02    0.30654194070595E-02
      0.20500000000000E+01    0.30750000000000E+02    0.32768762332743E+02    0.15000000000000E+02    0.58907621135332E+01    0.32668312332743E+02    0.30748450968934E-02
      0.20600000000000E+01    0.30900000000000E+02    0.32827669953878E+02    0.15000000000000E+02    0.57927621135332E+01    0.32726729953878E+02    0.30843289305827E-02
      0.20700000000000E+01    0.31050000000000E+02    0.32885597575014E+02    0.15000000000000E+02    0.56947621135332E+01    0.32784167575014E+02    0.30938714477968E-02
      0.20800000000000E+01    0.31200000000000E+02    0.32942545196149E+02    0.15000000000000E+02    0.55967621135332E+01    0.32840625196149E+02    0.31034731949035E-02
      0.20900000000000E+01    0.31350000000000E+02    0.32998512817284E+02    0.15000000000000E+02    0.54987621135332E+01    0.32896102817284E+02    0.31131347250748E-02
      0.21000000000000E+01    0.31500000000000E+02    0.33053500438420E+02    0.15000000000000E+02    0.54007621135332E+01    0.32950600438420E+02    0.31228565983927E-02
      0.21100000000000E+01    0.31650000000000E+02    0.33107508059555E+02    0.15000000000000E+02    0.53027621135332E+01    0.33004118059555E+02    0.31326393819572E-02
      0.21200000000000E+01    0.31800000000000E+02    0.33160535680690E+02    0.15000000000000E+02    0.52047621135332E+01    0.33056655680690E+02    0.31424836499965E-02
      0.21300000000000E+01    0.31950000000000E+02    0.33212583301826E+02    0.15000000000000E+02    0.51067621135332E+01    0.33108213301826E+02    0.31523899839795E-02
      0.21400000000000E+01    0.32100000000000E+02    0.33263650922961E+02    0.15000000000000E+02    0.50087621135332E+01    0.33158790922961E+02    0.31623589727308E-02
      0.21500000000000E+01    0.32250000000000E+02    0.33313738544096E+02    0.15000000000000E+02    0.49107621135332E+01    0.33208388544096E+02    0.31723912125468E-02
      0.21600000000000E+01    0.32400000000000E+02    0.33362846165232E+02    0.15000000000000E+02    0.48127621135332E+01    0.33257006165232E+02    0.31824873073145E-02
      0.21700000000000E+01    0.32550000000000E+02    0.33410973786367E+02    0.15000000000000E+02    0.47147621135332E+01    0.33304643786367E+02    0.31926478686333E-02
      0.21800000000000E+01    0.32700000000000E+02    0.33458121407502E+02    0.15000000000000E+02    0.46167621135332E+01    0.33351301407502E+02    0.32028735159376E-02
      0.21900000000000E+01    0.32850000000000E+02    0.33504289028638E+02    0.15000000000000E+02    0.45187621135332E+01    0.33396979028638E+02    0.32131648766230E-02
      0.22000000000000E+01    0.33000000000000E+02    0.33549476649773E+02    0.15000000000000E+02    0.44207621135332E+01    0.33441676649773E+02    0.32235225861761E-02
      0.22100000000000E+01    0.33150000000000E+02    0.33593684270908E+02    0.15000000000000E+02    0.43227621135332E+01    0.33485394270908E+02    0.32339472883023E-02
      0.22200000000000E+01    0.33300000000000E+02    0.33636911892044E+02    0.15000000000000E+02    0.42247621135332E+01    0.33528131892044E+02    0.32444396350624E-02
      0.22300000000000E+01    0.33450000000000E+02    0.33679159513179E+02    0.15000000000000E+02    0.41267621135332E+01    0.33569889513179E+02    0.32550002870056E-02
      0.22400000000000E+01    0.33600000000000E+02    0.33720427134314E+02    0.15000000000000E+02    0.40287621135332E+01    0.33610667134314E+02    0.32656299133106E-02
      0.22500000000000E+01    0.33750000000000E+02    0.33760714755450E+02    0.15000000000000E+02    0.39307621135332E+01    0.33650464755450E+02    0.32763291919258E-02
      0.22600000000000E+01    0.33900000000000E+02    0.33800022376585E+02    0.15000000000000E+02    0.38327621135332E+01    0.33689282376585E+02    0.32870988097128E-02
      0.22700000000000E+01    0.34050000000000E+02    0.33838349997720E+02    0.15000000000000E+02    0.37347621135332E+01    0.33727119997720E+02    0.32979394625947E-02
      0.22800000000000E+01    0.34200000000000E+02    0.33875697618856E+02    0.15000000000000E+02    0.36367621135332E+01    0.33763977618856E+02    0.33088518557054E-02
      0.22900000000000E+01    0.34350000000000E+02    0.33912065239991E+02    0.15000000000000E+02    0.35387621135332E+01    0.33799855239991E+02    0.33198367035428E-02
      0.23000000000000E+01    0.34500000000000E+02    0.33947452861126E+02    0.15000000000000E+02    0.34407621135332E+01    0.33834752861126E+02    0.33308947301236E-02
      0.23100000000000E+01    0.34650000000000E+02    0.33981860482262E+02    0.15000000000000E+02    0.33427621135332E+01    0.33868670482262E+02    0.33420266691433E-02
      0.23200000000000E+01    0.34800000000000E+02    0.34015288103397E+02    0.15000000000000E+02    0.32447621135332E+01    0.33901608103397E+02    0.33532332641403E-02
      0.23300000000000E+01    0.34950000000000E+02    0.34047735724532E+02    0.15000000000000E+02    0.31467621135332E+01    0.33933565724532E+02    0.33645152686566E-02
      0.23400000000000E+01    0.35100000000000E+02    0.34079203345668E+02    0.15000000000000E+02    0.30487621135332E+01    0.33964543345668E+02    0.33758734464122E-02
      0.23500000000000E+01    0.35250000000000E+02    0.34109690966803E+02    0.15000000000000E+02    0.29507621135332E+01    0.33994540966803E+02    0.33873085714734E-02
      0.23600000000000E+01    0.35400000000000E+02    0.34139198587938E+02    0.15000000000000E+02    0.28527621135332E+01    0.34023558587938E+02    0.33988214284308E-02
      0.23700000000000E+01    0.35550000000000E+02    0.34167726209074E+02    0.15000000000000E+02    0.27547621135332E+01    0.34051596209074E+02    0.34104128125779E-02
      0.23800000000000E+01    0.35700000000000E+02    0.34195273830209E+02    0.15000000000000E+02    0.26567621135332E+01    0.34078653830209E+02    0.34220835300946E-02
      0.23900000000000E+01    0.35850000000000E+02    0.34221841451344E+02    0.15000000000000E+02    0.25587621135332E+01    0.34104731451344E+02    0.34338343982340E-02
      0.24000000000000E+01    0.36000000000000E+02    0.34247429072480E+02    0.15000000000000E+02    0.24607621135332E+01    0.34129829072480E+02    0.34456662455127E-02
      0.24100000000000E+01    0.36150000000000E+02    0.34272036693615E+02    0.15000000000000E+02    0.23627621135332E+01    0.34153946693615E+02    0.34575799119060E-02
      0.24200000000000E+01    0.36300000000000E+02    0.34295664314750E+02    0.15000000000000E+02    0.22647621135332E+01    0.34177084314750E+02    0.34695762490477E-02
      0.24300000000000E+01    0.36450000000000E+02    0.34318311935886E+02    0.15000000000000E+02    0.21667621135332E+01    0.34199241935886E+02    0.34816561204304E-02
      0.24400000000000E+01    0.36600000000000E+02    0.34339979557021E+02    0.15000000000000E+02    0.20687621135332E+01    0.34220419557021E+02    0.34938204016153E-02
      0.24500000000000E+01    0.36750000000000E+02    0.34360667178156E+02    0.15000000000000E+02    0.19707621135332E+01    0.34240617178156E+02    0.35060699804424E-02
      0.24600000000000E+01    0.36900000000000E+02    0.34380374799292E+02    0.15000000000000E+02    0.18727621135332E+01    0.34259834799292E+02    0.35184057572467E-02
      0.24700000000000E+01    0.37050000000000E+02    0.34399102420427E+02    0.15000000000000E+02    0.17747621135332E+01    0.34278072420427E+02    0.35308286450795E-02
      0.24800000000000E+01    0.37200000000000E+02    0.34416850041562E+02    0.15000000000000E+02    0.16767621135332E+01    0.34295330041562E+02    0.35433395699324E-02
      0.24900000000000E+01    0.37350000000000E+02    0.34433617662698E+02    0.15000000000000E+02    0.15787621135332E+01    0.34311607662698E+02    0.35559394709681E-02
      0.25000000000000E+01    0.37500000000000E+02    0.34449405283833E+02    0.15000000000000E+02    0.14807621135332E+01    0.34326905283833E+02    0.35686293007559E-02
      0.25100000000000E+01    0.37650000000000E+02    0.34464212904968E+02    0.15000000000000E+02    0.13827621135332E+01    0.34341222904968E+02    0.35814100255107E-02
      0.25200000000000E+01    0.37800000000000E+02    0.34478040526104E+02    0.15000000000000E+02    0.12847621135332E+01    0.34354560526104E+02    0.35942826253398E-02
      0.25300000000000E+01    0.37950000000000E+02    0.34490888147239E+02    0.15000000000000E+02    0.11867621135332E+01    0.34366918147239E+02    0.36072480944908E-02
      0.25400000000000E+01    0.38100000000000E+02    0.34502755768374E+02    0.15000000000000E+02    0.10887621135332E+01    0.34378295768374E+02    0.36203074416112E-02
      0.25500000000000E+01    0.38250000000000E+02    0.34513643389510E+02    0.15000000000000E+02    0.99076211353321E+00    0.34388693389510E+02    0.36334616900065E-02
      0.25600000000000E+01    0.38400000000000E+02    0.34523551010645E+02    0.15000000000000E+02    0.89276211353321E+00    0.34398111010645E+02    0.36467118779089E-02
      0.25700000000000E+01    0.38550000000000E+02    0.34532478631780E+02    0.15000000000000E+02    0.79476211353321E+00    0.34406548631780E+02    0.36600590587524E-02
      0.25800000000000E+01    0.38700000000000E+02    0.34540426252916E+02    0.15000000000000E+02    0.69676211353321E+00    0.34414006252916E+02    0.36735043014483E-02
      0.25900000000000E+01    0.38850000000000E+02    0.34547393874051E+02    0.15000000000000E+02    0.59876211353321E+00    0.34420483874051E+02    0.36870486906730E-02
      0.26000000000000E+01    0.39000000000000E+02    0.34553381495186E+02    0.15000000000000E+02    0.50076211353321E+00    0.34425981495186E+02    0.37006933271597E-02
      0.26100000000000E+01    0.39150000000000E+02    0.34558389116322E+02    0.15000000000000E+02    0.40276211353321E+00    0.34430499116322E+02    0.37144393279944E-02
      0.26200000000000E+01    0.39300000000000E+02    0.34562416737457E+02    0.15000000000000E+02    0.30476211353321E+00    0.34434036737457E+02    0.37282878269250E-02
      0.26300000000000E+01    0.39450000000000E+02    0.34565464358592E+02    0.15000000000000E+02    0.20676211353321E+00    0.34436594358592E+02    0.37422399746679E-02
      0.26400000000000E+01    0.39600000000000E+02    0.34567531979728E+02    0.15000000000000E+02    0.10876211353321E+00    0.34438171979728E+02    0.37562969392306E-02
      0.26500000000000E+01    0.39750000000000E+02    0.34568619600863E+02    0.15000000000000E+02    0.10762113533206E-01    0.34438769600863E+02    0.37704599062360E-02
      0.26600000000000E+01    0.39900000000000E+02    0.34568727221998E+02    0.15000000000000E+02   -0.87237886466794E-01    0.34438387221998E+02    0.37847300792555E-02
      0.26700000000000E+01    0.40050000000000E+02    0.34567854843134E+02    0.15000000000000E+02   -0.18523788646679E+00    0.34437024843134E+02    0.37991086801516E-02
      0.26800000000000E+01    0.40200000000000E+02    0.34566002464269E+02    0.15000000000000E+02   -0.28323788646679E+00    0.34434682464269E+02    0.38135969494247E-02
      0.26900000000000E+01    0.40350000000000E+02    0.34563170085404E+02    0.15000000000000E+02   -0.38123788646679E+00    0.34431360085404E+02    0.38281961465712E-02
      0.27000000000000E+01    0.40500000000000E+02    0.34559357706540E+02    0.15000000000000E+02   -0.47923788646679E+00    0.34427057706540E+02    0.38429075504474E-02
      0.27100000000000E+01    0.40650000000000E+02    0.34554565327675E+02    0.15000000000000E+02   -0.57723788646679E+00    0.34421775327675E+02    0.38577324596437E-02
      0.27200000000000E+01    0.40800000000000E+02    0.34548792948810E+02    0.15000000000000E+02   -0.67523788646679E+00    0.34415512948810E+02    0.38726721928679E-02
      0.27300000000000E+01    0.40950000000000E+02    0.34542040569946E+02    0.15000000000000E+02   -0.77323788646679E+00    0.34408270569946E+02    0.38877280893328E-02
      0.27400000000000E+01    0.41100000000000E+02    0.34534308191081E+02    0.15000000000000E+02   -0.87123788646679E+00    0.34400048191081E+02    0.39029015091598E-02
      0.27500000000000E+01    0.41250000000000E+02    0.34525595812216E+02    0.15000000000000E+02   -0.96923788646679E+00    0.34390845812216E+02    0.39181938337866E-02
      0.27600000000000E+01    0.41400000000000E+02    0.34515903433352E+02    0.15000000000000E+02   -0.10672378864668E+01    0.34380663433352E+02    0.39336064663877E-02
      0.27700000000000E+01    0.41550000000000E+02    0.34505231054487E+02    0.15000000000000E+02   -0.11652378864668E+01    0.34369501054487E+02    0.39491408323023E-02
      0.27800000000000E+01    0.41700000000000E+02    0.34493578675622E+02    0.15000000000000E+02   -0.12632378864668E+01    0.34357358675622E+02    0.39647983794747E-02
      0.27900000000000E+01    0.41850000000000E+02    0.34480946296758E+02    0.15000000000000E+02   -0.13612378864668E+01    0.34344236296758E+02    0.39805805789032E-02
      0.28000000000000E+01    0.42000000000000E+02    0.34467333917893E+02    0.15000000000000E+02   -0.14592378864668E+01    0.34330133917893E+02    0.39964889251018E-02
      0.28100000000000E+01    0.42150000000000E+02    0.34452741539028E+02    0.15000000000000E+02   -0.15572378864668E+01    0.34315051539028E+02    0.40125249365725E-02
      0.28200000000000E+01    0.42300000000000E+02    0.34437169160164E+02    0.15000000000000E+02   -0.16552378864668E+01    0.34298989160164E+02    0.40286901562864E-02
      0.28300000000000E+01    0.42450000000000E+02    0.34420616781299E+02    0.15000000000000E+02   -0.17532378864668E+01    0.34281946781299E+02    0.40449861521802E-02
      0.28400000000000E+01    0.42600000000000E+02    0.34403084402434E+02    0.15000000000000E+02   -0.18512378864668E+01    0.34263924402434E+02    0.40614145176624E-02
      0.28500000000000E+01    0.42750000000000E+02    0.34384572023570E+02    0.15000000000000E+02   -0.19492378864668E+01    0.34244922023570E+02    0.40779768721331E-02
      0.28600000000000E+01    0.42900000000000E+02    0.34365079644705E+02    0.15000000000000E+02   -0.20472378864668E+01    0.34224939644705E+02    0.40946748615172E-02
      0.28700000000000E+01    0.43050000000000E+02    0.34344607265840E+02    0.15000000000000E+02   -0.21452378864668E+01    0.34203977265840E+02    0.41115101588073E-02
      0.28800000000000E+01    0.43200000000000E+02    0.34323154886976E+02    0.15000000000000E+02   -0.22432378864668E+01    0.34182034886976E+02    0.41284844646242E-02
      0.28900000000000E+01    0.43350000000000E+02    0.34300722508111E+02    0.15000000000000E+02   -0.23412378864668E+01    0.34159112508111E+02    0.41455995077886E-02
      0.29000000000000E+01    0.43500000000000E+02    0.34277310129246E+02    0.15000000000000E+02   -0.24392378864668E+01    0.34135210129246E+02    0.41628570459087E-02
      0.29100000000000E+01    0.43650000000000E+02    0.34252917750382E+02    0.15000000000000E+02   -0.25372378864668E+01    0.34110327750382E+02    0.41802588659826E-02
      0.29200000000000E+01    0.43800000000000E+02    0.34227545371517E+02    0.15000000000000E+02   -0.26352378864668E+01    0.34084465371517E+02    0.41978067850135E-02
      0.29300000000000E+01    0.43950000000000E+02    0.34201192992652E+02    0.15000000000000E+02   -0.27332378864668E+01    0.34057622992652E+02    0.42155026506424E-02
      0.29400000000000E+01    0.44100000000000E+02    0.34173860613788E+02    0.15000000000000E+02   -0.28312378864668E+01    0.34029800613788E+02    0.42333483417983E-02
      0.29500000000000E+01    0.44250000000000E+02    0.34145548234923E+02    0.15000000000000E+02   -0.29292378864668E+01    0.34000998234923E+02    0.42513457693611E-02
      0.29600000000000E+01    0.44400000000000E+02    0.34116255856058E+02    0.15000000000000E+02   -0.30272378864668E+01    0.33971215856058E+02    0.42694968768458E-02
      0.29700000000000E+01    0.44550000000000E+02    0.34085983477194E+02    0.15000000000000E+02   -0.31252378864668E+01    0.33940453477194E+02    0.42878036410999E-02
      0.29800000000000E+01    0.44700000000000E+02    0.34054731098329E+02    0.15000000000000E+02   -0.32232378864668E+01    0.33908711098329E+02    0.43062680730229E-02
      0.29900000000000E+01    0.44850000000000E+02    0.34022498719464E+02    0.15000000000000E+02   -0.33212378864668E+01    0.33875988719464E+02    0.43248922183016E-02
      0.30000000000000E+01    0.45000000000000E+02    0.33989286340600E+02    0.15000000000000E+02   -0.34192378864668E+01    0.33842286340600E+02    0.43436781581666E-02
      0.30100000000000E+01    0.45150000000000E+02    0.33955093961735E+02    0.15000000000000E+02   -0.35172378864668E+01    0.33807603961735E+02    0.43626280101664E-02
      0.30200000000000E+01    0.45300000000000E+02    0.33919921582870E+02    0.15000000000000E+02   -0.36152378864668E+01    0.33771941582870E+02    0.43817439289646E-02
      0.30300000000000E+01    0.45450000000000E+02    0.33883769204006E+02    0.15000000000000E+02   -0.37132378864668E+01    0.33735299204006E+02    0.44010281071541E-02
      0.30400000000000E+01    0.45600000000000E+02    0.33846636825141E+02    0.15000000000000E+02   -0.38112378864668E+01    0.33697676825141E+02    0.44204827760986E-02
      0.30500000000000E+01    0.45750000000000E+02    0.33808524446276E+02    0.15000000000000E+02   -0.39092378864668E+01    0.33659074446276E+02    0.44401102067917E-02
      0.30600000000000E+01    0.45900000000000E+02    0.33769432067412E+02    0.15000000000000E+02   -0.40072378864668E+01    0.33619492067412E+02    0.44599127107400E-02
      0.30700000000000E+01    0.46050000000000E+02    0.33729359688547E+02    0.15000000000000E+02   -0.41052378864668E+01    0.33578929688547E+02    0.44798926408718E-02
      0.30800000000000E+01    0.46200000000000E+02    0.33688307309682E+02    0.15000000000000E+02   -0.42032378864668E+01    0.33537387309682E+02    0.45000523924685E-02
      0.30900000000000E+01    0.46350000000000E+02    0.33646274930818E+02    0.15000000000000E+02   -0.43012378864668E+01    0.33494864930818E+02    0.45203944041212E-02
      0.31000000000000E+01    0.46500000000000E+02    0.33603262551953E+02    0.15000000000000E+02   -0.43992378864668E+01    0.33451362551953E+02    0.45409211587166E-02
      0.31100000000000E+01    0.46650000000000E+02    0.33559270173088E+02    0.15000000000000E+02   -0.44972378864668E+01    0.33406880173088E+02    0.45616351844441E-02
      0.31200000000000E+01    0.46800000000000E+02    0.33514297794224E+02    0.15000000000000E+02   -0.45952378864668E+01    0.33361417794224E+02    0.45825390558351E-02
      0.31300000000000E+01    0.46950000000000E+02    0.33468345415359E+02    0.15000000000000E+02   -0.46932378864668E+01    0.33314975415359E+02    0.46036353948307E-02
      0.31400000000000E+01    0.47100000000000E+02    0.33421413036494E+02    0.15000000000000E+02   -0.47912378864668E+01    0.33267553036494E+02    0.46249268718763E-02
      0.31500000000000E+01    0.47250000000000E+02    0.33373500657630E+02    0.15000000000000E+02   -0.48892378864668E+01    0.33219150657630E+02    0.46464162070502E-02
      0.31600000000000E+01    0.47400000000000E+02    0.33324608278765E+02    0.15000000000000E+02   -0.49872378864668E+01    0.33169768278765E+02    0.46681061712205E-02
      0.31700000000000E+01    0.47550000000000E+02    0.33274735899900E+02    0.15000000000000E+02   -0.50852378864668E+01    0.33119405899900E+02    0.46899995872367E-02
      0.31800000000000E+01    0.47700000000000E+02    0.33223883521036E+02    0.15000000000000E+02   -0.51832378864668E+01    0.33068063521036E+02    0.47120993311546E-02
      0.31900000000000E+01    0.47850000000000E+02    0.33172051142171E+02    0.15000000000000E+02   -0.52812378864668E+01    0.33015741142171E+02    0.47344083334960E-02
      0.32000000000000E+01    0.48000000000000E+02    0.33119238763306E+02    0.15000000000000E+02   -0.53792378864668E+01    0.32962438763306E+02    0.47569295805442E-02
      0.32100000000000E+01    0.48150000000000E+02    0.33065446384442E+02    0.15000000000000E+02   -0.54772378864668E+01    0.32908156384442E+02    0.47796661156747E-02
      0.32200000000000E+01    0.48300000000000E+02    0.33010674005577E+02    0.15000000000000E+02   -0.55752378864668E+01    0.32852894005577E+02    0.48026210407295E-02
      0.32300000000000E+01    0.48450000000000E+02    0.32954921626712E+02    0.15000000000000E+02   -0.56732378864668E+01    0.32796651626712E+02    0.48257975174247E-02
      0.32400000000000E+01    0.48600000000000E+02    0.32898189247848E+02    0.15000000000000E+02   -0.57712378864668E+01    0.32739429247848E+02    0.48491987688044E-02
      0.32500000000000E+01    0.48750000000000E+02    0.32840476868983E+02    0.15000000000000E+02   -0.58692378864668E+01    0.32681226868983E+02    0.48728280807341E-02
      0.32600000000000E+01    0.48900000000000E+02    0.32781784490118E+02    0.15000000000000E+02   -0.59672378864668E+01    0.32622044490118E+02    0.48966888034383E-02
      0.32700000000000E+01    0.49050000000000E+02    0.32722112111254E+02    0.15000000000000E+02   -0.60652378864668E+01    0.32561882111254E+02    0.49207843530839E-02
      0.32800000000000E+01    0.49200000000000E+02    0.32661459732389E+02    0.15000000000000E+02   -0.61632378864668E+01    0.32500739732389E+02    0.49451182134124E-02
      0.32900000000000E+01    0.49350000000000E+02    0.32599827353524E+02    0.15000000000000E+02   -0.62612378864668E+01    0.32438617353524E+02    0.49696939374174E-02
      0.33000000000000E+01    0.49500000000000E+02    0.32537214974660E+02    0.15000000000000E+02   -0.63592378864668E+01    0.32375514974660E+02    0.49945151490740E-02
      0.33100000000000E+01    0.49650000000000E+02    0.32473622595795E+02    0.15000000000000E+02   -0.64572378864668E+01    0.32311432595795E+02    0.50195855451210E-02
      0.33200000000000E+01    0.49800000000000E+02    0.32409050216930E+02    0.15000000000000E+02   -0.65552378864668E+01    0.32246370216930E+02    0.50449088968965E-02
      0.33300000000000E+01    0.49950000000000E+02    0.32343497838066E+02    0.15000000000000E+02   -0.66532378864668E+01    0.32180327838066E+02    0.50704890522272E-02
      0.33400000000000E+01    0.50100000000000E+02    0.32276965459201E+02    0.15000000000000E+02   -0.67512378864668E+01    0.32113305459201E+02    0.50963299373814E-02
      0.33500000000000E+01    0.50250000000000E+02    0.32209453080336E+02    0.15000000000000E+02   -0.68492378864668E+01    0.32045303080336E+02    0.51224355590732E-02
      0.33600000000000E+01    0.50400000000000E+02    0.32140960701472E+02    0.15000000000000E+02   -0.69472378864668E+01    0.31976320701472E+02    0.51488100065376E-02
      0.33700000000000E+01    0.50550000000000E+02    0.32071488322607E+02    0.15000000000000E+02   -0.70452378864668E+01    0.31906358322607E+02    0.51754574536636E-02
      0.33800000000000E+01    0.50700000000000E+02    0.32001035943742E+02    0.15000000000000E+02   -0.71432378864668E+01    0.31835415943742E+02    0.52023821611961E-02
      0.33900000000000E+01    0.50850000000000E+02    0.31929603564878E+02    0.15000000000000E+02   -0.72412378864668E+01    0.31763493564878E+02    0.52295884790098E-02
      0.34000000000000E+01    0.51000000000000E+02    0.31857191186013E+02    0.15000000000000E+02   -0.73392378864668E+01    0.31690591186013E+02    0.52570808484480E-02
      0.34100000000000E+01    0.51150000000000E+02    0.31783798807148E+02    0.15000000000000E+02   -0.74372378864668E+01    0.31616708807148E+02    0.52848638047424E-02
      0.34200000000000E+01    0.51300000000000E+02    0.31709426428284E+02    0.15000000000000E+02   -0.75352378864668E+01    0.31541846428284E+02    0.53129419795065E-02
      0.34300000000000E+01    0.51450000000000E+02    0.31634074049419E+02    0.15000000000000E+02   -0.76332378864668E+01    0.31466004049419E+02    0.53413201033090E-02
      0.34400000000000E+01    0.51600000000000E+02    0.31557741670554E+02    0.15000000000000E+02   -0.77312378864668E+01    0.31389181670554E+02    0.53700030083321E-02
      0.34500000000000E+01    0.51750000000000E+02    0.31480429291690E+02    0.15000000000000E+02   -0.78292378864668E+01    0.31311379291690E+02    0.53989956311132E-02
      0.34600000000000E+01    0.51900000000000E+02    0.31402136912825E+02    0.15000000000000E+02   -0.79272378864668E+01    0.31232596912825E+02    0.54283030153778E-02
      0.34700000000000E+01    0.52050000000000E+02    0.31322864533960E+02    0.15000000000000E+02   -0.80252378864668E+01    0.31152834533960E+02    0.54579303149638E-02
      0.34800000000000E+01    0.52200000000000E+02    0.31242612155096E+02    0.15000000000000E+02   -0.81232378864668E+01    0.31072092155096E+02    0.54878827968454E-02
      0.34900000000000E+01    0.52350000000000E+02    0.31161379776231E+02    0.15000000000000E+02   -0.82212378864668E+01    0.30990369776231E+02    0.55181658442522E-02
      0.35000000000000E+01    0.52500000000000E+02    0.31079167397366E+02    0.15000000000000E+02   -0.83192378864668E+01    0.30907667397366E+02    0.55487849598949E-02
      0.35100000000000E+01    0.52650000000000E+02    0.30995975018502E+02    0.15000000000000E+02   -0.84172378864668E+01    0.30823985018502E+02    0.55797457692997E-02
      0.35200000000000E+01    0.52800000000000E+02    0.30911802639637E+02    0.15000000000000E+02   -0.85152378864668E+01    0.30739322639637E+02    0.56110540242522E-02
      0.35300000000000E+01    0.52950000000000E+02    0.30826650260772E+02    0.15000000000000E+02   -0.86132378864668E+01    0.30653680260772E+02    0.56427156063631E-02
      0.35400000000000E+01    0.53100000000000E+02    0.30740517881908E+02    0.15000000000000E+02   -0.87112378864668E+01    0.30567057881908E+02    0.56747365307472E-02
      0.35500000000000E+01    0.53250000000000E+02    0.30653405503043E+02    0.15000000000000E+02   -0.88092378864668E+01    0.30479455503043E+02    0.57071229498360E-02
      0.35600000000000E+01    0.53400000000000E+02    0.30565313124178E+02    0.15000000000000E+02   -0.89072378864668E+01    0.30390873124178E+02    0.57398811573182E-02
      0.35700000000000E+01    0.53550000000000E+02    0.30476240745314E+02    0.15000000000000E+02   -0.90052378864668E+01    0.30301310745314E+02    0.57730175922160E-02
      0.35800000000000E+01    0.53700000000000E+02    0.30386188366449E+02    0.15000000000000E+02   -0.91032378864668E+01    0.30210768366449E+02    0.58065388431074E-02
      0.35900000000000E+01    0.53850000000000E+02    0.30295155987584E+02    0.15000000000000E+02   -0.92012378864668E+01    0.30119245987584E+02    0.58404516524889E-02
      0.36000000000000E+01    0.54000000000000E+02    0.30203143608720E+02    0.15000000000000E+02   -0.92992378864668E+01    0.30026743608720E+02    0.58747629213006E-02
      0.36100000000000E+01    0.54150000000000E+02    0.30110151229855E+02    0.15000000000000E+02   -0.93972378864668E+01    0.29933261229855E+02    0.59094797136061E-02
      0.36200000000000E+01    0.54300000000000E+02    0.30016178850990E+02    0.15000000000000E+02   -0.94952378864668E+01    0.29838798850990E+02    0.59446092614413E-02
      0.36300000000000E+01    0.54450000000000E+02    0.29921226472126E+02    0.15000000000000E+02   -0.95932378864668E+01    0.29743356472126E+02    0.59801589698386E-02
      0.36400000000000E+01    0.54600000000000E+02    0.29825294093261E+02    0.15000000000000E+02   -0.96912378864668E+01    0.29646934093261E+02    0.60161364220263E-02
      0.36500000000000E+01    0.54750000000000E+02    0.29728381714396E+02    0.15000000000000E+02   -0.97892378864668E+01    0.29549531714396E+02    0.60525493848261E-02
      0.36600000000000E+01    0.54900000000000E+02    0.29630489335532E+02    0.15000000000000E+02   -0.98872378864668E+01    0.29451149335532E+02    0.60894058142412E-02
      0.36700000000000E+01    0.55050000000000E+02    0.29531616956667E+02    0.15000000000000E+02   -0.99852378864668E+01    0.29351786956667E+02    0.61267138612496E-02
      0.36800000000000E+01    0.55200000000000E+02    0.29431764577802E+02    0.15000000000000E+02   -0.10083237886467E+02    0.29251444577802E+02    0.61644818778179E-02
      0.36900000000000E+01    0.55350000000000E+02    0.29330932198938E+02    0.15000000000000E+02   -0.10181237886467E+02    0.29150122198938E+02    0.62027184231305E-02
      0.37000000000000E+01    0.55500000000000E+02    0.29229119820073E+02    0.15000000000000E+02   -0.10279237886467E+02    0.29047819820073E+02    0.62414322700586E-02
      0.37100000000000E+01    0.55650000000000E+02    0.29126327441208E+02    0.15000000000000E+02   -0.10377237886467E+02    0.28944537441208E+02    0.62806324118703E-02
      0.37200000000000E+01    0.55800000000000E+02    0.29022555062344E+02    0.15000000000000E+02   -0.10475237886467E+02    0.28840275062344E+02    0.63203280691951E-02
      0.37300000000000E+01    0.55950000000000E+02    0.28917802683479E+02    0.15000000000000E+02   -0.10573237886467E+02    0.28735032683479E+02    0.63605286972551E-02
      0.37400000000000E+01    0.56100000000000E+02    0.28812070304614E+02    0.15000000000000E+02   -0.10671237886467E+02    0.28628810304614E+02    0.64012439933732E-02
      0.37500000000000E+01    0.56250000000000E+02    0.28705357925750E+02    0.15000000000000E+02   -0.10769237886467E+02    0.28521607925750E+02    0.64424839047707E-02
      0.37600000000000E+01    0.56400000000000E+02    0.28597665546885E+02    0.15000000000000E+02   -0.10867237886467E+02    0.28413425546885E+02    0.64842586366713E-02
      0.37700000000000E+01    0.56550000000000E+02    0.28488993168020E+02    0.15000000000000E+02   -0.10965237886467E+02    0.28304263168020E+02    0.65265786607201E-02
      0.37800000000000E+01    0.56700000000000E+02    0.28379340789156E+02    0.15000000000000E+02   -0.11063237886467E+02    0.28194120789156E+02    0.65694547237326E-02
      0.37900000000000E+01    0.56850000000000E+02    0.28268708410291E+02    0.15000000000000E+02   -0.11161237886467E+02    0.28082998410291E+02    0.66128978567954E-02
      0.38000000000000E+01    0.57000000000000E+02    0.28157096031426E+02    0.15000000000000E+02   -0.11259237886467E+02    0.27970896031426E+02    0.66569193847274E-02
      0.38100000000000E+01    0.57150000000000E+02    0.28044503652562E+02    0.15000000000000E+02   -0.11357237886467E+02    0.27857813652562E+02    0.67015309359214E-02
      0.38200000000000E+01    0.57300000000000E+02    0.27930931273697E+02    0.15000000000000E+02   -0.11455237886467E+02    0.27743751273697E+02    0.67467444525874E-02
      0.38300000000000E+01    0.57450000000000E+02    0.27816378894832E+02    0.15000000000000E+02   -0.11553237886467E+02    0.27628708894832E+02    0.67925722014057E-02
      0.38400000000000E+01    0.57600000000000E+02    0.27700846515968E+02    0.15000000000000E+02   -0.11651237886467E+02    0.27512686515968E+02    0.68390267846278E-02
      0.38500000000000E+01    0.57750000000000E+02    0.27584334137103E+02    0.15000000000000E+02   -0.11749237886467E+02    0.27395684137103E+02    0.68861211516260E-02
      0.38600000000000E+01    0.57900000000000E+02    0.27466841758238E+02    0.15000000000000E+02   -0.11847237886467E+02    0.27277701758238E+02    0.69338686109299E-02
      0.38700000000000E+01    0.58050000000000E+02    0.27348369379374E+02    0.15000000000000E+02   -0.11945237886467E+02    0.27158739379374E+02    0.69822828427660E-02
      0.38800000000000E+01    0.58200000000000E+02    0.27228917000509E+02    0.15000000000000E+02   -0.12043237886467E+02    0.27038797000509E+02    0.70313779121228E-02
      0.38900000000000E+01    0.58350000000000E+02    0.27108484621644E+02    0.15000000000000E+02   -0.12141237886467E+02    0.26917874621644E+02    0.70811682823754E-02
      0.39000000000000E+01    0.58500000000000E+02    0.26987072242780E+02    0.15000000000000E+02   -0.12239237886467E+02    0.26795972242780E+02    0.71316688294916E-02
      0.39100000000000E+01    0.58650000000000E+02    0.26864679863915E+02    0.15000000000000E+02   -0.12337237886467E+02    0.26673089863915E+02    0.71828948568469E-02
      0.39200000000000E+01    0.58800000000000E+02    0.26741307485050E+02    0.15000000000000E+02   -0.12435237886467E+02    0.26549227485050E+02    0.72348621106915E-02
      0.39300000000000E+01    0.58950000000000E+02    0.26616955106186E+02    0.15000000000000E+02   -0.12533237886467E+02    0.26424385106186E+02    0.72875867962825E-02
      0.39400000000000E+01    0.59100000000000E+02    0.26491622727321E+02    0.15000000000000E+02   -0.12631237886467E+02    0.26298562727321E+02    0.73410855947326E-02
      0.39500000000000E+01    0.59250000000000E+02    0.26365310348456E+02    0.15000000000000E+02   -0.12729237886467E+02    0.26171760348456E+02    0.73953756806097E-02
      0.39600000000000E+01    0.59400000000000E+02    0.26238017969592E+02    0.15000000000000E+02   -0.12827237886467E+02    0.26043977969592E+02    0.74504747403122E-02
      0.39700000000000E+01    0.59550000000000E+02    0.26109745590727E+02    0.15000000000000E+02   -0.12925237886467E+02    0.25915215590727E+02    0.75064009912890E-02
      0.39800000000000E+01    0.59700000000000E+02    0.25980493211862E+02    0.15000000000000E+02   -0.13023237886467E+02    0.25785473211862E+02    0.75631732021100E-02
      0.39900000000000E+01    0.59850000000000E+02    0.25850260832998E+02    0.15000000000000E+02   -0.13121237886467E+02    0.25654750832998E+02    0.76208107134769E-02
      0.40000000000000E+01    0.60000000000000E+02    0.25719048454133E+02    0.15000000000000E+02   -0.13219237886467E+02    0.25523048454133E+02    0.76793334601824E-02
      0.40100000000000E+01    0.60150000000000E+02    0.25586856075268E+02    0.15000000000000E+02   -0.13317237886467E+02    0.25390366075269E+02    0.77387619941038E-02
      0.40200000000000E+01    0.60300000000000E+02    0.25453683696404E+02    0.15000000000000E+02   -0.13415237886467E+02    0.25256703696404E+02    0.77991175082645E-02
      0.40300000000000E+01    0.60450000000000E+02    0.25319531317539E+02    0.15000000000000E+02   -0.13513237886467E+02    0.25122061317539E+02    0.78604218620306E-02
      0.40400000000000E+01    0.60600000000000E+02    0.25184398938674E+02    0.15000000000000E+02   -0.13611237886467E+02    0.24986438938675E+02    0.79226976075110E-02
      0.40500000000000E+01    0.60750000000000E+02    0.25048286559810E+02    0.15000000000000E+02   -0.13709237886467E+02    0.24849836559810E+02    0.79859680172142E-02
      0.40600000000000E+01    0.60900000000000E+02    0.24911194180945E+02    0.15000000000000E+02   -0.13807237886467E+02    0.24712254180945E+02    0.80502571130494E-02
      0.40700000000000E+01    0.61050000000000E+02    0.24773121802080E+02    0.15000000000000E+02   -0.13905237886467E+02    0.24573691802081E+02    0.81155896967320E-02
      0.40800000000000E+01    0.61200000000000E+02    0.24634069423215E+02    0.15000000000000E+02   -0.14003237886467E+02    0.24434149423216E+02    0.81819913816879E-02
      0.40900000000000E+01    0.61350000000000E+02    0.24494037044351E+02    0.15000000000000E+02   -0.14101237886467E+02    0.24293627044351E+02    0.82494886265333E-02
      0.41000000000000E+01    0.61500000000000E+02    0.24353024665486E+02    0.15000000000000E+02   -0.14199237886467E+02    0.24152124665487E+02    0.83181087702279E-02
      0.41100000000000E+01    0.61650000000000E+02    0.24211032286621E+02    0.15000000000000E+02   -0.14297237886467E+02    0.24009642286622E+02    0.83878800689925E-02
      0.41200000000000E+01    0.61800000000000E+02    0.24068059907757E+02    0.15000000000000E+02   -0.14395237886467E+02    0.23866179907757E+02    0.84588317351111E-02
      0.41300000000000E+01    0.61950000000000E+02    0.23924107528892E+02    0.15000000000000E+02   -0.14493237886467E+02    0.23721737528893E+02    0.85309939777013E-02
      0.41400000000000E+01    0.62100000000000E+02    0.23779175150027E+02    0.15000000000000E+02   -0.14591237886467E+02    0.23576315150028E+02    0.86043980456095E-02
      0.41500000000000E+01    0.62250000000000E+02    0.23633262771163E+02    0.15000000000000E+02   -0.14689237886467E+02    0.23429912771163E+02    0.86790762725272E-02
      0.41600000000000E+01    0.62400000000000E+02    0.23486370392298E+02    0.15000000000000E+02   -0.14787237886467E+02    0.23282530392299E+02    0.87550621244756E-02
      0.41700000000000E+01    0.62550000000000E+02    0.23338498013433E+02    0.15000000000000E+02   -0.14885237886467E+02    0.23134168013434E+02    0.88323902498203E-02
      0.41800000000000E+01    0.62700000000000E+02    0.23189645634569E+02    0.15000000000000E+02   -0.14983237886467E+02    0.22984825634569E+02    0.89110965319447E-02
      0.41900000000000E+01    0.62850000000000E+02    0.23039813255704E+02    0.15000000000000E+02   -0.15081237886467E+02    0.22834503255705E+02    0.89912181447723E-02
      0.42000000000000E+01    0.63000000000000E+02    0.22889000876839E+02    0.15000000000000E+02   -0.15179237886467E+02    0.22683200876840E+02    0.90727936113138E-02
      0.42100000000000E+01    0.63150000000000E+02    0.22737208497975E+02    0.15000000000000E+02   -0.15277237886467E+02    0.22530918497975E+02    0.91558628654249E-02
      0.42200000000000E+01    0.63300000000000E+02    0.22584436119110E+02    0.15000000000000E+02   -0.15375237886467E+02    0.22377656119111E+02    0.92404673169913E-02
      0.42300000000000E+01    0.63450000000000E+02    0.22430683740245E+02    0.15000000000000E+02   -0.15473237886467E+02    0.22223413740246E+02    0.93266499207618E-02
      0.42400000000000E+01    0.63600000000000E+02    0.22275951361381E+02    0.15000000000000E+02   -0.15571237886467E+02    0.22068191361381E+02    0.94144552490646E-02
      0.42500000000000E+01    0.63750000000000E+02    0.22120238982516E+02    0.15000000000000E+02   -0.15669237886467E+02    0.21911988982517E+02    0.95039295686786E-02
      0.42600000000000E+01    0.63900000000000E+02    0.21963546603651E+02    0.15000000000000E+02   -0.15767237886467E+02    0.21754806603652E+02    0.95951209221253E-02
      0.42700000000000E+01    0.64050000000000E+02    0.21805874224787E+02    0.15000000000000E+02   -0.15865237886467E+02    0.21596644224787E+02    0.96880792136836E-02
      0.42800000000000E+01    0.64200000000000E+02    0.21647221845922E+02    0.15000000000000E+02   -0.15963237886467E+02    0.21437501845923E+02    0.97828563004583E-02
      0.42900000000000E+01    0.64350000000000E+02    0.21487589467057E+02    0.15000000000000E+02   -0.16061237886467E+02    0.21277379467058E+02    0.98795060888448E-02
      0.43000000000000E+01    0.64500000000000E+02    0.21326977088193E+02    0.15000000000000E+02   -0.16159237886467E+02    0.21116277088193E+02    0.99780846367683E-02
      0.43100000000000E+01    0.64650000000000E+02    0.21165384709328E+02    0.15000000000000E+02   -0.16257237886467E+02    0.20954194709329E+02    0.10078650262108E-01
      0.43200000000000E+01    0.64800000000000E+02    0.21002812330463E+02    0.15000000000000E+02   -0.16355237886467E+02    0.20791132330464E+02    0.10181263657741E-01
      0.43300000000000E+01    0.64950000000000E+02    0.20839259951599E+02    0.15000000000000E+02   -0.16453237886467E+02    0.20627089951599E+02    0.10285988013689E-01
      0.43400000000000E+01    0.65100000000000E+02    0.20674727572734E+02    0.15000000000000E+02   -0.16551237886467E+02    0.20462067572735E+02    0.10392889146882E-01
      0.43500000000000E+01    0.65250000000000E+02    0.20509215193869E+02    0.15000000000000E+02   -0.16649237886467E+02    0.20296065193870E+02    0.10502035639095E-01
      0.43600000000000E+01    0.65400000000000E+02    0.20342722815005E+02    0.15000000000000E+02   -0.16747237886467E+02    0.20129082815005E+02    0.10613498983677E-01
      0.43700000000000E+01    0.65550000000000E+02    0.20175250436140E+02    0.15000000000000E+02   -0.16845237886467E+02    0.19961120436141E+02    0.10727353741712E-01
      0.43800000000000E+01    0.65700000000000E+02    0.20006798057275E+02    0.15000000000000E+02   -0.16943237886467E+02    0.19792178057276E+02    0.10843677708351E-01
      0.43900000000000E+01    0.65850000000000E+02    0.19837365678411E+02    0.15000000000000E+02   -0.17041237886467E+02    0.19622255678411E+02    0.10962552090077E-01
      0.44000000000000E+01    0.66000000000000E+02    0.19666953299546E+02    0.15000000000000E+02   -0.17139237886467E+02    0.19451353299547E+02    0.11084061693764E-01
      0.44100000000000E+01    0.66150000000000E+02    0.19495560920681E+02    0.15000000000000E+02   -0.17237237886467E+02    0.19279470920682E+02    0.11208295128449E-01
      0.44200000000000E+01    0.66300000000000E+02    0.19323188541817E+02    0.15000000000000E+02   -0.17335237886467E+02    0.19106608541817E+02    0.11335345020826E-01
      0.44299999999999E+01    0.66450000000000E+02    0.19149836162952E+02    0.15000000000000E+02   -0.17433237886467E+02    0.18932766162953E+02    0.11465308245560E-01
      0.44399999999999E+01    0.66600000000000E+02    0.18975503784087E+02    0.15000000000000E+02   -0.17531237886467E+02    0.18757943784088E+02    0.11598286171638E-01
      0.44499999999999E+01    0.66750000000000E+02    0.18800191405223E+02    0.15000000000000E+02   -0.17629237886467E+02    0.18582141405223E+02    0.11734384926058E-01
      0.44599999999999E+01    0.66900000000000E+02    0.18623899026358E+02    0.15000000000000E+02   -0.17727237886467E+02    0.18405359026359E+02    0.11873715676307E-01
      0.44699999999999E+01    0.67050000000000E+02    0.18446626647493E+02    0.15000000000000E+02   -0.17825237886467E+02    0.18227596647494E+02    0.12016394933197E-01
      0.44799999999999E+01    0.67200000000000E+02    0.18268374268629E+02    0.15000000000000E+02   -0.17923237886467E+02    0.18048854268629E+02    0.12162544875818E-01
      0.44899999999999E+01    0.67350000000000E+02    0.18089141889764E+02    0.15000000000000E+02   -0.18021237886467E+02    0.17869131889765E+02    0.12312293700474E-01
      0.44999999999999E+01    0.67500000000000E+02    0.17908929510899E+02    0.15000000000000E+02   -0.18119237886467E+02    0.17688429510900E+02    0.12465775995739E-01
      0.45099999999999E+01    0.67650000000000E+02    0.17727737132035E+02    0.15000000000000E+02   -0.18217237886467E+02    0.17506747132035E+02    0.12623133145900E-01
      0.45199999999999E+01    0.67800000000000E+02    0.17545564753170E+02    0.15000000000000E+02   -0.18315237886467E+02    0.17324084753171E+02    0.12784513765366E-01
      0.45299999999999E+01    0.67950000000000E+02    0.17362412374305E+02    0.15000000000000E+02   -0.18413237886467E+02    0.17140442374306E+02    0.12950074166814E-01
      0.45399999999999E+01    0.68100000000000E+02    0.17178279995441E+02    0.15000000000000E+02   -0.18511237886467E+02    0.16955819995442E+02    0.13119978866198E-01
      0.45499999999999E+01    0.68250000000000E+02    0.16993167616576E+02    0.15000000000000E+02   -0.18609237886467E+02    0.16770217616577E+02    0.13294401128036E-01
      0.45599999999999E+01    0.68400000000000E+02    0.16807075237711E+02    0.15000000000000E+02   -0.18707237886467E+02    0.16583635237712E+02    0.13473523554783E-01
      0.45699999999999E+01    0.68550000000000E+02    0.16620002858847E+02    0.15000000000000E+02   -0.18805237886467E+02    0.16396072858848E+02    0.13657538724487E-01
      0.45799999999999E+01    0.68700000000000E+02    0.16431950479982E+02    0.15000000000000E+02   -0.18903237886467E+02    0.16207530479983E+02    0.13846649881448E-01
      0.45899999999999E+01    0.68850000000000E+02    0.16242918101117E+02    0.15000000000000E+02   -0.19001237886467E+02    0.16018008101118E+02    0.14041071685031E-01
      0.45999999999999E+01    0.69000000000000E+02    0.16052905722253E+02    0.15000000000000E+02   -0.19099237886467E+02    0.15827505722254E+02    0.14241031022486E-01
      0.46099999999999E+01    0.69150000000000E+02    0.15861913343388E+02    0.15000000000000E+02   -0.19197237886467E+02    0.15636023343389E+02    0.14446767892215E-01
      0.46199999999999E+01    0.69300000000000E+02    0.15669940964523E+02    0.15000000000000E+02   -0.19295237886467E+02    0.15443560964524E+02    0.14658536364715E-01
      0.46299999999999E+01    0.69450000000000E+02    0.15476988585659E+02    0.15000000000000E+02   -0.19393237886467E+02    0.15250118585660E+02    0.14876605629317E-01
      0.46399999999999E+01    0.69600000000000E+02    0.15283056206794E+02    0.15000000000000E+02   -0.19491237886467E+02    0.15055696206795E+02    0.15101261135738E-01
      0.46499999999999E+01    0.69750000000000E+02    0.15088143827929E+02    0.15000000000000E+02   -0.19589237886467E+02    0.14860293827930E+02    0.15332805840682E-01
      0.46599999999999E+01    0.69900000000000E+02    0.14892251449065E+02    0.15000000000000E+02   -0.19687237886467E+02    0.14663911449066E+02    0.15571561570885E-01
      0.46699999999999E+01    0.70050000000000E+02    0.14695379070200E+02    0.15000000000000E+02   -0.19785237886467E+02    0.14466549070201E+02    0.15817870515540E-01
      0.46799999999999E+01    0.70200000000000E+02    0.14497526691335E+02    0.15000000000000E+02   -0.19883237886467E+02    0.14268206691336E+02    0.16072096862626E-01
      0.46899999999999E+01    0.70350000000000E+02    0.14298694312471E+02    0.15000000000000E+02   -0.19981237886467E+02    0.14068884312472E+02    0.16334628595630E-01
      0.46999999999999E+01    0.70500000000000E+02    0.14098881933606E+02    0.15000000000000E+02   -0.20079237886467E+02    0.13868581933607E+02    0.16605879469264E-01
      0.47099999999999E+01    0.70650000000000E+02    0.13898089554741E+02    0.15000000000000E+02   -0.20177237886467E+02    0.13667299554742E+02    0.16886291185372E-01
      0.47199999999999E+01    0.70800000000000E+02    0.13696317175877E+02    0.15000000000000E+02   -0.20275237886467E+02    0.13465037175878E+02    0.17176335793074E-01
      0.47299999999999E+01    0.70950000000000E+02    0.13493564797012E+02    0.15000000000000E+02   -0.20373237886467E+02    0.13261794797013E+02    0.17476518340586E-01
      0.47399999999999E+01    0.71100000000000E+02    0.13289832418147E+02    0.15000000000000E+02   -0.20471237886467E+02    0.13057572418148E+02    0.17787379810068E-01
      0.47499999999999E+01    0.71250000000000E+02    0.13085120039283E+02    0.15000000000000E+02   -0.20569237886467E+02    0.12852370039284E+02    0.18109500371344E-01
      0.47599999999999E+01    0.71400000000000E+02    0.12879427660418E+02    0.15000000000000E+02   -0.20667237886467E+02    0.12646187660419E+02    0.18443502995694E-01
      0.47699999999999E+01    0.71550000000000E+02    0.12672755281553E+02    0.15000000000000E+02   -0.20765237886467E+02    0.12439025281554E+02    0.18790057477063E-01
      0.47799999999999E+01    0.71700000000000E+02    0.12465102902689E+02    0.15000000000000E+02   -0.20863237886467E+02    0.12230882902690E+02    0.19149884915300E-01
      0.47899999999999E+01    0.71850000000000E+02    0.12256470523824E+02    0.15000000000000E+02   -0.20961237886467E+02    0.12021760523825E+02    0.19523762724591E-01
      0.47999999999999E+01    0.72000000000000E+02    0.12046858144959E+02    0.15000000000000E+02   -0.21059237886467E+02    0.11811658144960E+02    0.19912530240250E-01
      0.48099999999999E+01    0.72150000000000E+02    0.11836265766095E+02    0.15000000000000E+02   -0.21157237886467E+02    0.11600575766096E+02    0.20317095009012E-01
      0.48199999999999E+01    0.72300000000000E+02    0.11624693387230E+02    0.15000000000000E+02   -0.21255237886467E+02    0.11388513387231E+02    0.20738439862028E-01
      0.48299999999999E+01    0.72450000000000E+02    0.11412141008365E+02    0.15000000000000E+02   -0.21353237886467E+02    0.11175471008366E+02    0.21177630886591E-01
      0.48399999999999E+01    0.72600000000000E+02    0.11198608629501E+02    0.15000000000000E+02   -0.21451237886467E+02    0.10961448629502E+02    0.21635826432710E-01
      0.48499999999999E+01    0.72750000000000E+02    0.10984096250636E+02    0.15000000000000E+02   -0.21549237886467E+02    0.10746446250637E+02    0.22114287314737E-01
      0.48599999999999E+01    0.72900000000000E+02    0.10768603871771E+02    0.15000000000000E+02   -0.21647237886467E+02    0.10530463871772E+02    0.22614388397202E-01
      0.48699999999999E+01    0.73050000000000E+02    0.10552131492907E+02    0.15000000000000E+02   -0.21745237886467E+02    0.10313501492908E+02    0.23137631789071E-01
      0.48799999999999E+01    0.73200000000000E+02    0.10334679114042E+02    0.15000000000000E+02   -0.21843237886467E+02    0.10095559114043E+02    0.23685661913098E-01
      0.48899999999999E+01    0.73350000000000E+02    0.10116246735177E+02    0.15000000000000E+02   -0.21941237886467E+02    0.98766367351784E+01    0.24260282768676E-01
      0.48999999999999E+01    0.73500000000000E+02    0.98968343563127E+01    0.15000000000000E+02   -0.22039237886467E+02    0.96567343563138E+01    0.24863477769991E-01
      0.49099999999999E+01    0.73650000000000E+02    0.96764419774480E+01    0.15000000000000E+02   -0.22137237886467E+02    0.94358519774491E+01    0.25497432619109E-01
      0.49199999999999E+01    0.73800000000000E+02    0.94550695985834E+01    0.15000000000000E+02   -0.22235237886467E+02    0.92139895985845E+01    0.26164561769848E-01
      0.49299999999999E+01    0.73950000000000E+02    0.92327172197187E+01    0.15000000000000E+02   -0.22333237886467E+02    0.89911472197198E+01    0.26867539157748E-01
      0.49399999999999E+01    0.74100000000000E+02    0.90093848408540E+01    0.15000000000000E+02   -0.22431237886467E+02    0.87673248408552E+01    0.27609334020666E-01
      0.49499999999999E+01    0.74250000000000E+02    0.87850724619894E+01    0.15000000000000E+02   -0.22529237886467E+02    0.85425224619905E+01    0.28393252821758E-01
      0.49599999999999E+01    0.74400000000000E+02    0.85597800831247E+01    0.15000000000000E+02   -0.22627237886467E+02    0.83167400831258E+01    0.29222988523107E-01
      0.49699999999999E+01    0.74550000000000E+02    0.83335077042600E+01    0.15000000000000E+02   -0.22725237886467E+02    0.80899777042612E+01    0.30102678759000E-01
      0.49799999999999E+01    0.74700000000000E+02    0.81062553253954E+01    0.15000000000000E+02   -0.22823237886467E+02    0.78622353253965E+01    0.31036974842334E-01
      0.49899999999999E+01    0.74850000000000E+02    0.78780229465307E+01    0.15000000000000E+02   -0.22921237886467E+02    0.76335129465319E+01    0.32031124033124E-01
      0.49999999999999E+01    0.75000000000000E+02    0.76488105676660E+01    0.15000000000000E+02   -0.23019237886467E+02    0.74038105676672E+01    0.33091068141144E-01
      0.50099999999999E+01    0.75150000000000E+02    0.74186181888013E+01    0.15000000000000E+02   -0.23117237886467E+02    0.71731281888025E+01    0.34223562375761E-01
      0.50199999999999E+01    0.75300000000000E+02    0.71874458099367E+01    0.15000000000000E+02   -0.23215237886467E+02    0.69414658099379E+01    0.35436319465353E-01
      0.50299999999999E+01    0.75450000000000E+02    0.69552934310720E+01    0.15000000000000E+02   -0.23313237886467E+02    0.67088234310732E+01    0.36738185544909E-01
      0.50399999999999E+01    0.75600000000000E+02    0.67221610522073E+01    0.15000000000000E+02   -0.23411237886467E+02    0.64752010522086E+01    0.38139356292966E-01
      0.50499999999999E+01    0.75750000000000E+02    0.64880486733427E+01    0.15000000000000E+02   -0.23509237886467E+02    0.62405986733439E+01    0.39651644489768E-01
      0.50599999999999E+01    0.75900000000000E+02    0.62529562944780E+01    0.15000000000000E+02   -0.23607237886467E+02    0.60050162944793E+01    0.41288813858289E-01
      0.50699999999999E+01    0.76050000000000E+02    0.60168839156133E+01    0.15000000000000E+02   -0.23705237886467E+02    0.57684539156146E+01    0.43066999170483E-01
      0.50799999999999E+01    0.76200000000000E+02    0.57798315367487E+01    0.15000000000000E+02   -0.23803237886467E+02    0.55309115367499E+01    0.45005239795429E-01
      0.50899999999999E+01    0.76350000000000E+02    0.55417991578840E+01    0.15000000000000E+02   -0.23901237886467E+02    0.52923891578853E+01    0.47126164111932E-01
      0.50999999999999E+01    0.76500000000000E+02    0.53027867790193E+01    0.15000000000000E+02   -0.23999237886467E+02    0.50528867790206E+01    0.49456877014596E-01
      0.51099999999999E+01    0.76650000000000E+02    0.50627944001547E+01    0.15000000000000E+02   -0.24097237886467E+02    0.48124044001560E+01    0.52030124482179E-01
      0.51199999999999E+01    0.76800000000000E+02    0.48218220212900E+01    0.15000000000000E+02   -0.24195237886467E+02    0.45709420212913E+01    0.54885841655852E-01
      0.51299999999999E+01    0.76950000000000E+02    0.45798696424253E+01    0.15000000000000E+02   -0.24293237886467E+02    0.43284996424267E+01    0.58073240329009E-01
      0.51399999999999E+01    0.77100000000000E+02    0.43369372635607E+01    0.15000000000000E+02   -0.24391237886467E+02    0.40850772635620E+01    0.61653668645439E-01
      0.51499999999999E+01    0.77250000000000E+02    0.40930248846960E+01    0.15000000000000E+02   -0.24489237886467E+02    0.38406748846974E+01    0.65704598169476E-01
      0.51599999999999E+01    0.77400000000000E+02    0.38481325058313E+01    0.15000000000000E+02   -0.24587237886467E+02    0.35952925058327E+01    0.70325293307422E-01
      0.51699999999999E+01    0.77550000000000E+02    0.36022601269667E+01    0.15000000000000E+02   -0.24685237886467E+02    0.33489301269680E+01    0.75645053910986E-01
      0.51799999999999E+01    0.77700000000000E+02    0.33554077481020E+01    0.15000000000000E+02   -0.24783237886467E+02    0.31015877481034E+01    0.81835505106653E-01
      0.51899999999999E+01    0.77850000000000E+02    0.31075753692373E+01    0.15000000000000E+02   -0.24881237886467E+02    0.28532653692387E+01    0.89129459439819E-01
      0.51999999999999E+01    0.78000000000000E+02    0.28587629903727E+01    0.15000000000000E+02   -0.24979237886467E+02    0.26039629903741E+01    0.97850853080669E-01
      0.52099999999999E+01    0.78150000000000E+02    0.26089706115080E+01    0.15000000000000E+02   -0.25077237886467E+02    0.23536806115094E+01    0.10846416406298E+00
      0.52199999999999E+01    0.78300000000000E+02    0.23581982326433E+01    0.15000000000000E+02   -0.25175237886467E+02    0.21024182326448E+01    0.12165990383217E+00
      0.52299999999999E+01    0.78450000000000E+02    0.21064458537787E+01    0.15000000000000E+02   -0.25273237886467E+02    0.18501758537801E+01    0.13851115799344E+00
      0.52399999999999E+01    0.78600000000000E+02    0.18537134749140E+01    0.15000000000000E+02   -0.25371237886467E+02    0.15969534749154E+01    0.16078113985891E+00
      0.52499999999999E+01    0.78750000000000E+02    0.16000010960493E+01    0.15000000000000E+02   -0.25469237886467E+02    0.13427510960508E+01    0.19158427854212E+00
      0.52599999999999E+01    0.78900000000000E+02    0.13453087171847E+01    0.15000000000000E+02   -0.25567237886467E+02    0.10875687171861E+01    0.23698732404275E+00
      0.52699999999999E+01    0.79050000000000E+02    0.10896363383200E+01    0.15000000000000E+02   -0.25665237886467E+02    0.83140633832147E+00    0.31059421620463E+00
      0.52799999999999E+01    0.79200000000000E+02    0.83298395945532E+00    0.15000000000000E+02   -0.25763237886467E+02    0.57426395945680E+00    0.45052452924827E+00
      0.52899999999999E+01    0.79350000000000E+02    0.57535158059066E+00    0.15000000000000E+02   -0.25861237886467E+02    0.31614158059216E+00    0.81991745442967E+00
      0.52999999999999E+01    0.79500000000000E+02    0.31673920172599E+00    0.15000000000000E+02   -0.25959237886467E+02    0.57039201727520E-01    0.45530090206920E+01
      0.53099999999999E+01    0.79650000000000E+02    0.57146822861321E-01    0.15000000000000E+02   -0.26057237886467E+02   -0.20304317713718E+00    0.12814515792506E+01
      0.53199999999999E+01    0.79800000000000E+02   -0.20342555600335E+00    0.15000000000000E+02   -0.26155237886467E+02   -0.46410555600181E+00    0.56168256688021E+00
