 #                    time                    posx                    posy                    velx                    vely                  anal_y                   err_y
      0.00000000000000E+00    0.00000000000000E+00    0.00000000000000E+00    0.15000000000000E+02    0.25980762113533E+02    0.00000000000000E+00    0.00000000000000E+00
      0.10000000000000E-01    0.15000000000000E+00    0.25931762113533E+00    0.15000000000000E+02    0.25882762113533E+02    0.25931762113533E+00    0.00000000000000E+00
      0.20000000000000E-01    0.30000000000000E+00    0.51765524227066E+00    0.15000000000000E+02    0.25784762113533E+02    0.51765524227066E+00    0.00000000000000E+00
      0.30000000000000E-01    0.45000000000000E+00    0.77501286340599E+00    0.15000000000000E+02    0.25686762113533E+02    0.77501286340599E+00    0.14325220613062E-15
      0.40000000000000E-01    0.60000000000000E+00    0.10313904845413E+01    0.15000000000000E+02    0.25588762113533E+02    0.10313904845413E+01    0.00000000000000E+00
      0.50000000000000E-01    0.75000000000000E+00    0.12867881056767E+01    0.15000000000000E+02    0.25490762113533E+02    0.12867881056767E+01    0.17255724073411E-15
      0.60000000000000E-01    0.90000000000000E+00    0.15412057268120E+01    0.15000000000000E+02    0.25392762113533E+02    0.15412057268120E+01    0.00000000000000E+00
      0.70000000000000E-01    0.10500000000000E+01    0.17946433479473E+01    0.15000000000000E+02    0.25294762113533E+02    0.17946433479473E+01    0.00000000000000E+00
      0.80000000000000E-01    0.12000000000000E+01    0.20471009690827E+01    0.15000000000000E+02    0.25196762113533E+02    0.20471009690827E+01    0.00000000000000E+00
      0.90000000000000E-01    0.13500000000000E+01    0.22985785902180E+01    0.15000000000000E+02    0.25098762113533E+02    0.22985785902180E+01    0.19320166460262E-15
      0.10000000000000E+00    0.15000000000000E+01    0.25490762113533E+01    0.15000000000000E+02    0.25000762113533E+02    0.25490762113533E+01    0.17421574446152E-15
      0.11000000000000E+00    0.16500000000000E+01    0.27985938324886E+01    0.15000000000000E+02    0.24902762113533E+02    0.27985938324886E+01    0.15868298025053E-15
      0.12000000000000E+00    0.18000000000000E+01    0.30471314536240E+01    0.15000000000000E+02    0.24804762113533E+02    0.30471314536240E+01    0.43722026759486E-15
      0.13000000000000E+00    0.19500000000000E+01    0.32946890747593E+01    0.15000000000000E+02    0.24706762113533E+02    0.32946890747593E+01    0.40436824213754E-15
      0.14000000000000E+00    0.21000000000000E+01    0.35412666958946E+01    0.15000000000000E+02    0.24608762113533E+02    0.35412666958946E+01    0.37621217037809E-15
      0.15000000000000E+00    0.22500000000000E+01    0.37868643170300E+01    0.15000000000000E+02    0.24510762113533E+02    0.37868643170300E+01    0.46908383577721E-15
      0.16000000000000E+00    0.24000000000000E+01    0.40314819381653E+01    0.15000000000000E+02    0.24412762113533E+02    0.40314819381653E+01    0.44062130666736E-15
      0.17000000000000E+00    0.25500000000000E+01    0.42751195593006E+01    0.15000000000000E+02    0.24314762113533E+02    0.42751195593006E+01    0.41551044707878E-15
      0.18000000000000E+00    0.27000000000000E+01    0.45177771804360E+01    0.15000000000000E+02    0.24216762113533E+02    0.45177771804360E+01    0.39319266277511E-15
      0.19000000000000E+00    0.28500000000000E+01    0.47594548015713E+01    0.15000000000000E+02    0.24118762113533E+02    0.47594548015713E+01    0.37322695843520E-15
      0.20000000000000E+00    0.30000000000000E+01    0.50001524227066E+01    0.15000000000000E+02    0.24020762113533E+02    0.50001524227066E+01    0.35526053792550E-15
      0.21000000000000E+00    0.31500000000000E+01    0.52398700438420E+01    0.15000000000000E+02    0.23922762113533E+02    0.52398700438420E+01    0.50851170674200E-15
      0.22000000000000E+00    0.33000000000000E+01    0.54786076649773E+01    0.15000000000000E+02    0.23824762113533E+02    0.54786076649773E+01    0.48635263228169E-15
      0.23000000000000E+00    0.34500000000000E+01    0.57163652861126E+01    0.15000000000000E+02    0.23726762113533E+02    0.57163652861126E+01    0.46612403612023E-15
      0.24000000000000E+00    0.36000000000000E+01    0.59531429072480E+01    0.15000000000000E+02    0.23628762113533E+02    0.59531429072480E+01    0.29838975261916E-15
      0.25000000000000E+00    0.37500000000000E+01    0.61889405283833E+01    0.15000000000000E+02    0.23530762113533E+02    0.61889405283833E+01    0.43053172782651E-15
      0.26000000000000E+00    0.39000000000000E+01    0.64237581495186E+01    0.15000000000000E+02    0.23432762113533E+02    0.64237581495186E+01    0.55305844275391E-15
      0.27000000000000E+00    0.40500000000000E+01    0.66575957706540E+01    0.15000000000000E+02    0.23334762113533E+02    0.66575957706540E+01    0.53363313141668E-15
      0.28000000000000E+00    0.42000000000000E+01    0.68904533917893E+01    0.15000000000000E+02    0.23236762113533E+02    0.68904533917893E+01    0.51559940642425E-15
      0.29000000000000E+00    0.43500000000000E+01    0.71223310129246E+01    0.15000000000000E+02    0.23138762113533E+02    0.71223310129246E+01    0.37411000054128E-15
      0.30000000000000E+00    0.45000000000000E+01    0.73532286340600E+01    0.15000000000000E+02    0.23040762113533E+02    0.73532286340599E+01    0.48315017193188E-15
      0.31000000000000E+00    0.46500000000000E+01    0.75831462551953E+01    0.15000000000000E+02    0.22942762113533E+02    0.75831462551953E+01    0.46850127364569E-15
      0.32000000000000E+00    0.48000000000000E+01    0.78120838763306E+01    0.15000000000000E+02    0.22844762113533E+02    0.78120838763306E+01    0.45477157376211E-15
      0.33000000000000E+00    0.49500000000000E+01    0.80400414974659E+01    0.15000000000000E+02    0.22746762113533E+02    0.80400414974659E+01    0.44187753009984E-15
      0.34000000000000E+00    0.51000000000000E+01    0.82670191186013E+01    0.15000000000000E+02    0.22648762113533E+02    0.82670191186013E+01    0.21487271456810E-15
      0.35000000000000E+00    0.52500000000000E+01    0.84930167397366E+01    0.15000000000000E+02    0.22550762113533E+02    0.84930167397366E+01    0.41830998191470E-15
      0.36000000000000E+00    0.54000000000000E+01    0.87180343608719E+01    0.15000000000000E+02    0.22452762113533E+02    0.87180343608719E+01    0.40751315396802E-15
      0.37000000000000E+00    0.55500000000000E+01    0.89420719820073E+01    0.15000000000000E+02    0.22354762113533E+02    0.89420719820073E+01    0.59595477747480E-15
      0.38000000000000E+00    0.57000000000000E+01    0.91651296031426E+01    0.15000000000000E+02    0.22256762113533E+02    0.91651296031426E+01    0.58145064488488E-15
      0.39000000000000E+00    0.58500000000000E+01    0.93872072242779E+01    0.15000000000000E+02    0.22158762113533E+02    0.93872072242779E+01    0.56769499073359E-15
      0.40000000000000E+00    0.60000000000000E+01    0.96083048454133E+01    0.15000000000000E+02    0.22060762113533E+02    0.96083048454133E+01    0.55463170704296E-15
      0.41000000000000E+00    0.61500000000000E+01    0.98284224665486E+01    0.15000000000000E+02    0.21962762113533E+02    0.98284224665486E+01    0.54221016000670E-15
      0.42000000000000E+00    0.63000000000000E+01    0.10047560087684E+02    0.15000000000000E+02    0.21864762113533E+02    0.10047560087684E+02    0.53038453830528E-15
      0.43000000000000E+00    0.64500000000000E+01    0.10265717708819E+02    0.15000000000000E+02    0.21766762113533E+02    0.10265717708819E+02    0.34607552823592E-15
      0.44000000000000E+00    0.66000000000000E+01    0.10482895329955E+02    0.15000000000000E+02    0.21668762113533E+02    0.10482895329955E+02    0.33890576667772E-15
      0.45000000000000E+00    0.67500000000000E+01    0.10699092951090E+02    0.15000000000000E+02    0.21570762113533E+02    0.10699092951090E+02    0.33205746459456E-15
      0.46000000000000E+00    0.69000000000000E+01    0.10914310572225E+02    0.15000000000000E+02    0.21472762113533E+02    0.10914310572225E+02    0.65101934845824E-15
      0.47000000000000E+00    0.70500000000000E+01    0.11128548193361E+02    0.15000000000000E+02    0.21374762113533E+02    0.11128548193361E+02    0.63848646149910E-15
      0.48000000000000E+00    0.72000000000000E+01    0.11341805814496E+02    0.15000000000000E+02    0.21276762113533E+02    0.11341805814496E+02    0.62648113305904E-15
      0.49000000000000E+00    0.73500000000000E+01    0.11554083435631E+02    0.15000000000000E+02    0.21178762113533E+02    0.11554083435631E+02    0.61497109633888E-15
      0.50000000000000E+00    0.75000000000000E+01    0.11765381056767E+02    0.15000000000000E+02    0.21080762113533E+02    0.11765381056767E+02    0.75490833268788E-15
      0.51000000000000E+00    0.76500000000000E+01    0.11975698677902E+02    0.15000000000000E+02    0.20982762113533E+02    0.11975698677902E+02    0.74165060727441E-15
      0.52000000000000E+00    0.78000000000000E+01    0.12185036299037E+02    0.15000000000000E+02    0.20884762113533E+02    0.12185036299037E+02    0.58312730329432E-15
      0.53000000000000E+00    0.79500000000000E+01    0.12393393920173E+02    0.15000000000000E+02    0.20786762113533E+02    0.12393393920173E+02    0.71665471574695E-15
      0.54000000000000E+00    0.81000000000000E+01    0.12600771541308E+02    0.15000000000000E+02    0.20688762113533E+02    0.12600771541308E+02    0.70486034667678E-15
      0.55000000000000E+00    0.82500000000000E+01    0.12807169162443E+02    0.15000000000000E+02    0.20590762113533E+02    0.12807169162443E+02    0.83220116024205E-15
      0.56000000000000E+00    0.84000000000000E+01    0.13012586783579E+02    0.15000000000000E+02    0.20492762113533E+02    0.13012586783579E+02    0.81906397349462E-15
      0.57000000000000E+00    0.85500000000000E+01    0.13217024404714E+02    0.15000000000000E+02    0.20394762113533E+02    0.13217024404714E+02    0.80639489722061E-15
      0.58000000000000E+00    0.87000000000000E+01    0.13420482025849E+02    0.15000000000000E+02    0.20296762113533E+02    0.13420482025849E+02    0.79416976349082E-15
      0.59000000000000E+00    0.88500000000000E+01    0.13622959646985E+02    0.15000000000000E+02    0.20198762113533E+02    0.13622959646985E+02    0.91276038379473E-15
      0.60000000000000E+00    0.90000000000000E+01    0.13824457268120E+02    0.15000000000000E+02    0.20100762113533E+02    0.13824457268120E+02    0.77096270976076E-15
      0.61000000000000E+00    0.91500000000000E+01    0.14024974889255E+02    0.15000000000000E+02    0.20002762113533E+02    0.14024974889255E+02    0.88659680134815E-15
      0.62000000000000E+00    0.93000000000000E+01    0.14224512510391E+02    0.15000000000000E+02    0.19904762113533E+02    0.14224512510391E+02    0.87415986078389E-15
      0.63000000000000E+00    0.94500000000000E+01    0.14423070131526E+02    0.15000000000000E+02    0.19806762113533E+02    0.14423070131526E+02    0.98528639087319E-15
      0.64000000000000E+00    0.96000000000000E+01    0.14620647752661E+02    0.15000000000000E+02    0.19708762113533E+02    0.14620647752661E+02    0.12149645278725E-14
      0.65000000000000E+00    0.97500000000000E+01    0.14817245373797E+02    0.15000000000000E+02    0.19610762113533E+02    0.14817245373797E+02    0.95907534475558E-15
      0.66000000000000E+00    0.99000000000000E+01    0.15012862994932E+02    0.15000000000000E+02    0.19512762113533E+02    0.15012862994932E+02    0.10649009159678E-14
      0.67000000000000E+00    0.10050000000000E+02    0.15207500616067E+02    0.15000000000000E+02    0.19414762113533E+02    0.15207500616067E+02    0.10512714717704E-14
      0.68000000000000E+00    0.10200000000000E+02    0.15401158237203E+02    0.15000000000000E+02    0.19316762113533E+02    0.15401158237203E+02    0.11533917203119E-14
      0.69000000000000E+00    0.10350000000000E+02    0.15593835858338E+02    0.15000000000000E+02    0.19218762113533E+02    0.15593835858338E+02    0.91131231880984E-15
      0.70000000000000E+00    0.10500000000000E+02    0.15785533479473E+02    0.15000000000000E+02    0.19120762113533E+02    0.15785533479473E+02    0.11253068144388E-14
      0.71000000000000E+00    0.10650000000000E+02    0.15976251100609E+02    0.15000000000000E+02    0.19022762113533E+02    0.15976251100609E+02    0.10006860466780E-14
      0.72000000000000E+00    0.10800000000000E+02    0.16165988721744E+02    0.15000000000000E+02    0.18924762113533E+02    0.16165988721744E+02    0.10988235053084E-14
      0.73000000000000E+00    0.10950000000000E+02    0.16354746342879E+02    0.15000000000000E+02    0.18826762113533E+02    0.16354746342879E+02    0.86891318381036E-15
      0.74000000000000E+00    0.11100000000000E+02    0.16542523964015E+02    0.15000000000000E+02    0.18728762113533E+02    0.16542523964015E+02    0.10738124625144E-14
      0.75000000000000E+00    0.11250000000000E+02    0.16729321585150E+02    0.15000000000000E+02    0.18630762113533E+02    0.16729321585150E+02    0.12741868798628E-14
      0.76000000000000E+00    0.11400000000000E+02    0.16915139206285E+02    0.15000000000000E+02    0.18532762113533E+02    0.16915139206285E+02    0.10501579784458E-14
      0.77000000000000E+00    0.11550000000000E+02    0.17099976827421E+02    0.15000000000000E+02    0.18434762113533E+02    0.17099976827421E+02    0.12465678923390E-14
      0.78000000000000E+00    0.11700000000000E+02    0.17283834448556E+02    0.15000000000000E+02    0.18336762113533E+02    0.17283834448556E+02    0.10277562219700E-14
      0.79000000000000E+00    0.11850000000000E+02    0.17466712069691E+02    0.15000000000000E+02    0.18238762113533E+02    0.17466712069691E+02    0.12203946562898E-14
      0.80000000000000E+00    0.12000000000000E+02    0.17648609690827E+02    0.15000000000000E+02    0.18140762113533E+02    0.17648609690827E+02    0.10065137540684E-14
      0.81000000000000E+00    0.12150000000000E+02    0.17829527311962E+02    0.15000000000000E+02    0.18042762113533E+02    0.17829527311962E+02    0.11955606954595E-14
      0.82000000000000E+00    0.12300000000000E+02    0.18009464933097E+02    0.15000000000000E+02    0.17944762113533E+02    0.18009464933097E+02    0.11836155128423E-14
      0.83000000000000E+00    0.12450000000000E+02    0.18188422554233E+02    0.15000000000000E+02    0.17846762113533E+02    0.18188422554233E+02    0.13672981083132E-14
      0.84000000000000E+00    0.12600000000000E+02    0.18366400175368E+02    0.15000000000000E+02    0.17748762113533E+02    0.18366400175368E+02    0.13540484533794E-14
      0.85000000000000E+00    0.12750000000000E+02    0.18543397796503E+02    0.15000000000000E+02    0.17650762113533E+02    0.18543397796503E+02    0.13411239959644E-14
      0.86000000000000E+00    0.12900000000000E+02    0.18719415417639E+02    0.15000000000000E+02    0.17552762113533E+02    0.18719415417639E+02    0.13285134816855E-14
      0.87000000000000E+00    0.13050000000000E+02    0.18894453038774E+02    0.15000000000000E+02    0.17454762113533E+02    0.18894453038774E+02    0.13162061744031E-14
      0.88000000000000E+00    0.13200000000000E+02    0.19068510659909E+02    0.15000000000000E+02    0.17356762113533E+02    0.19068510659909E+02    0.14905049448964E-14
      0.89000000000000E+00    0.13350000000000E+02    0.19241588281045E+02    0.15000000000000E+02    0.17258762113533E+02    0.19241588281045E+02    0.12924606528507E-14
      0.90000000000000E+00    0.13500000000000E+02    0.19413685902180E+02    0.15000000000000E+02    0.17160762113533E+02    0.19413685902180E+02    0.14640037741217E-14
      0.91000000000000E+00    0.13650000000000E+02    0.19584803523315E+02    0.15000000000000E+02    0.17062762113533E+02    0.19584803523315E+02    0.14512123849784E-14
      0.92000000000000E+00    0.13800000000000E+02    0.19754941144451E+02    0.15000000000000E+02    0.16964762113533E+02    0.19754941144451E+02    0.16185531951426E-14
      0.93000000000000E+00    0.13950000000000E+02    0.19924098765586E+02    0.15000000000000E+02    0.16866762113533E+02    0.19924098765586E+02    0.16048115142067E-14
      0.94000000000000E+00    0.14100000000000E+02    0.20092276386721E+02    0.15000000000000E+02    0.16768762113533E+02    0.20092276386721E+02    0.15913788210845E-14
      0.95000000000000E+00    0.14250000000000E+02    0.20259474007857E+02    0.15000000000000E+02    0.16670762113533E+02    0.20259474007857E+02    0.15782454715658E-14
      0.96000000000000E+00    0.14400000000000E+02    0.20425691628992E+02    0.15000000000000E+02    0.16572762113533E+02    0.20425691628992E+02    0.15654022243154E-14
      0.97000000000000E+00    0.14550000000000E+02    0.20590929250127E+02    0.15000000000000E+02    0.16474762113533E+02    0.20590929250127E+02    0.15528402201181E-14
      0.98000000000000E+00    0.14700000000000E+02    0.20755186871263E+02    0.15000000000000E+02    0.16376762113533E+02    0.20755186871263E+02    0.17117232915496E-14
      0.99000000000000E+00    0.14850000000000E+02    0.20918464492398E+02    0.15000000000000E+02    0.16278762113533E+02    0.20918464492398E+02    0.16983625543317E-14
      0.10000000000000E+01    0.15000000000000E+02    0.21080762113533E+02    0.15000000000000E+02    0.16180762113533E+02    0.21080762113533E+02    0.16852871161236E-14
      0.10100000000000E+01    0.15150000000000E+02    0.21242079734669E+02    0.15000000000000E+02    0.16082762113533E+02    0.21242079734668E+02    0.18397374906293E-14
      0.10200000000000E+01    0.15300000000000E+02    0.21402417355804E+02    0.15000000000000E+02    0.15984762113533E+02    0.21402417355804E+02    0.18259549758854E-14
      0.10300000000000E+01    0.15450000000000E+02    0.21561774976939E+02    0.15000000000000E+02    0.15886762113533E+02    0.21561774976939E+02    0.18124598048446E-14
      0.10400000000000E+01    0.15600000000000E+02    0.21720152598075E+02    0.15000000000000E+02    0.15788762113533E+02    0.21720152598074E+02    0.17992438262275E-14
      0.10500000000000E+01    0.15750000000000E+02    0.21877550219210E+02    0.15000000000000E+02    0.15690762113533E+02    0.21877550219210E+02    0.19486900369755E-14
      0.10600000000000E+01    0.15900000000000E+02    0.22033967840345E+02    0.15000000000000E+02    0.15592762113533E+02    0.22033967840345E+02    0.17736183854843E-14
      0.10700000000000E+01    0.16050000000000E+02    0.22189405461481E+02    0.15000000000000E+02    0.15494762113533E+02    0.22189405461480E+02    0.19213026784162E-14
      0.10800000000000E+01    0.16200000000000E+02    0.22343863082616E+02    0.15000000000000E+02    0.15396762113533E+02    0.22343863082616E+02    0.19080211863084E-14
      0.10900000000000E+01    0.16350000000000E+02    0.22497340703751E+02    0.15000000000000E+02    0.15298762113533E+02    0.22497340703751E+02    0.22108387012565E-14
      0.11000000000000E+01    0.16500000000000E+02    0.22649838324887E+02    0.15000000000000E+02    0.15200762113533E+02    0.22649838324886E+02    0.21959534893703E-14
      0.11100000000000E+01    0.16650000000000E+02    0.22801355946022E+02    0.15000000000000E+02    0.15102762113533E+02    0.22801355946022E+02    0.21813611269853E-14
      0.11200000000000E+01    0.16800000000000E+02    0.22951893567157E+02    0.15000000000000E+02    0.15004762113533E+02    0.22951893567157E+02    0.21670539451429E-14
      0.11300000000000E+01    0.16950000000000E+02    0.23101451188293E+02    0.15000000000000E+02    0.14906762113533E+02    0.23101451188292E+02    0.21530245480169E-14
      0.11400000000000E+01    0.17100000000000E+02    0.23250028809428E+02    0.15000000000000E+02    0.14808762113533E+02    0.23250028809428E+02    0.21392658009541E-14
      0.11500000000000E+01    0.17250000000000E+02    0.23397626430563E+02    0.15000000000000E+02    0.14710762113533E+02    0.23397626430563E+02    0.21257708191390E-14
      0.11600000000000E+01    0.17400000000000E+02    0.23544244051699E+02    0.15000000000000E+02    0.14612762113533E+02    0.23544244051698E+02    0.24143233792510E-14
      0.11700000000000E+01    0.17550000000000E+02    0.23689881672834E+02    0.15000000000000E+02    0.14514762113533E+02    0.23689881672834E+02    0.22495133541810E-14
      0.11800000000000E+01    0.17700000000000E+02    0.23834539293969E+02    0.15000000000000E+02    0.14416762113533E+02    0.23834539293969E+02    0.23849178773592E-14
      0.11900000000000E+01    0.17850000000000E+02    0.23978216915105E+02    0.15000000000000E+02    0.14318762113533E+02    0.23978216915104E+02    0.23706274349783E-14
      0.12000000000000E+01    0.18000000000000E+02    0.24120914536240E+02    0.15000000000000E+02    0.14220762113533E+02    0.24120914536240E+02    0.23566029710609E-14
      0.12100000000000E+01    0.18150000000000E+02    0.24262632157375E+02    0.15000000000000E+02    0.14122762113533E+02    0.24262632157375E+02    0.24892654740780E-14
      0.12200000000000E+01    0.18300000000000E+02    0.24403369778511E+02    0.15000000000000E+02    0.14024762113533E+02    0.24403369778510E+02    0.24749095345346E-14
      0.12300000000000E+01    0.18450000000000E+02    0.24543127399646E+02    0.15000000000000E+02    0.13926762113533E+02    0.24543127399646E+02    0.24608164866748E-14
      0.12400000000000E+01    0.18600000000000E+02    0.24681905020781E+02    0.15000000000000E+02    0.13828762113533E+02    0.24681905020781E+02    0.25909201969851E-14
      0.12500000000000E+01    0.18750000000000E+02    0.24819702641917E+02    0.15000000000000E+02    0.13730762113533E+02    0.24819702641916E+02    0.22902538229773E-14
      0.12600000000000E+01    0.18900000000000E+02    0.24956520263052E+02    0.15000000000000E+02    0.13632762113533E+02    0.24956520263052E+02    0.24200542344449E-14
      0.12700000000000E+01    0.19050000000000E+02    0.25092357884187E+02    0.15000000000000E+02    0.13534762113533E+02    0.25092357884187E+02    0.25485387428939E-14
      0.12800000000000E+01    0.19200000000000E+02    0.25227215505323E+02    0.15000000000000E+02    0.13436762113533E+02    0.25227215505322E+02    0.26757435787143E-14
      0.12900000000000E+01    0.19350000000000E+02    0.25361093126458E+02    0.15000000000000E+02    0.13338762113533E+02    0.25361093126458E+02    0.23814483168551E-14
      0.13000000000000E+01    0.19500000000000E+02    0.25493990747593E+02    0.15000000000000E+02    0.13240762113533E+02    0.25493990747593E+02    0.25083890102395E-14
      0.13100000000000E+01    0.19650000000000E+02    0.25625908368729E+02    0.15000000000000E+02    0.13142762113533E+02    0.25625908368728E+02    0.26341138400222E-14
      0.13200000000000E+01    0.19800000000000E+02    0.25756845989864E+02    0.15000000000000E+02    0.13044762113533E+02    0.25756845989864E+02    0.26207230467493E-14
      0.13300000000000E+01    0.19950000000000E+02    0.25886803610999E+02    0.15000000000000E+02    0.12946762113533E+02    0.25886803610999E+02    0.27448067611491E-14
      0.13400000000000E+01    0.20100000000000E+02    0.26015781232135E+02    0.15000000000000E+02    0.12848762113533E+02    0.26015781232134E+02    0.24580790270261E-14
      0.13500000000000E+01    0.20250000000000E+02    0.26143778853270E+02    0.15000000000000E+02    0.12750762113533E+02    0.26143778853270E+02    0.25819358508216E-14
      0.13600000000000E+01    0.20400000000000E+02    0.26270796474405E+02    0.15000000000000E+02    0.12652762113533E+02    0.26270796474405E+02    0.27046866906086E-14
      0.13700000000000E+01    0.20550000000000E+02    0.26396834095541E+02    0.15000000000000E+02    0.12554762113533E+02    0.26396834095540E+02    0.26917725557102E-14
      0.13800000000000E+01    0.20700000000000E+02    0.26521891716676E+02    0.15000000000000E+02    0.12456762113533E+02    0.26521891716676E+02    0.25451261402582E-14
      0.13900000000000E+01    0.20850000000000E+02    0.26645969337811E+02    0.15000000000000E+02    0.12358762113533E+02    0.26645969337811E+02    0.25332746968760E-14
      0.14000000000000E+01    0.21000000000000E+02    0.26769066958947E+02    0.15000000000000E+02    0.12260762113533E+02    0.26769066958946E+02    0.26543425545978E-14
      0.14100000000000E+01    0.21150000000000E+02    0.26891184580082E+02    0.15000000000000E+02    0.12162762113533E+02    0.26891184580082E+02    0.26422887160069E-14
      0.14200000000000E+01    0.21300000000000E+02    0.27012322201217E+02    0.15000000000000E+02    0.12064762113533E+02    0.27012322201217E+02    0.28934832167110E-14
      0.14300000000000E+01    0.21450000000000E+02    0.27132479822352E+02    0.15000000000000E+02    0.11966762113533E+02    0.27132479822352E+02    0.24878507360614E-14
      0.14400000000000E+01    0.21600000000000E+02    0.27251657443488E+02    0.15000000000000E+02    0.11868762113533E+02    0.27251657443488E+02    0.26073376903169E-14
      0.14500000000000E+01    0.21750000000000E+02    0.27369855064623E+02    0.15000000000000E+02    0.11770762113533E+02    0.27369855064623E+02    0.27258817073987E-14
      0.14600000000000E+01    0.21900000000000E+02    0.27487072685758E+02    0.15000000000000E+02    0.11672762113533E+02    0.27487072685758E+02    0.28435076309202E-14
      0.14700000000000E+01    0.22050000000000E+02    0.27603310306894E+02    0.15000000000000E+02    0.11574762113533E+02    0.27603310306894E+02    0.27028275386296E-14
      0.14800000000000E+01    0.22200000000000E+02    0.27718567928029E+02    0.15000000000000E+02    0.11476762113533E+02    0.27718567928029E+02    0.28197597053553E-14
      0.14900000000000E+01    0.22350000000000E+02    0.27832845549164E+02    0.15000000000000E+02    0.11378762113533E+02    0.27832845549164E+02    0.26805375369552E-14
      0.15000000000000E+01    0.22500000000000E+02    0.27946143170300E+02    0.15000000000000E+02    0.11280762113533E+02    0.27946143170300E+02    0.29239245685699E-14
      0.15100000000000E+01    0.22650000000000E+02    0.28058460791435E+02    0.15000000000000E+02    0.11182762113533E+02    0.28058460791435E+02    0.26589836060282E-14
      0.15200000000000E+01    0.22800000000000E+02    0.28169798412570E+02    0.15000000000000E+02    0.11084762113533E+02    0.28169798412570E+02    0.27745921283815E-14
      0.15300000000000E+01    0.22950000000000E+02    0.28280156033706E+02    0.15000000000000E+02    0.10986762113533E+02    0.28280156033706E+02    0.27637648406344E-14
      0.15400000000000E+01    0.23100000000000E+02    0.28389533654841E+02    0.15000000000000E+02    0.10888762113533E+02    0.28389533654841E+02    0.27531167607004E-14
      0.15500000000000E+01    0.23250000000000E+02    0.28497931275976E+02    0.15000000000000E+02    0.10790762113533E+02    0.28497931275976E+02    0.28673103960109E-14
      0.15600000000000E+01    0.23400000000000E+02    0.28605348897112E+02    0.15000000000000E+02    0.10692762113533E+02    0.28605348897112E+02    0.27323456607622E-14
      0.15700000000000E+01    0.23550000000000E+02    0.28711786518247E+02    0.15000000000000E+02    0.10594762113533E+02    0.28711786518247E+02    0.28459536838811E-14
      0.15800000000000E+01    0.23700000000000E+02    0.28817244139382E+02    0.15000000000000E+02    0.10496762113533E+02    0.28817244139382E+02    0.29588231226693E-14
      0.15900000000000E+01    0.23850000000000E+02    0.28921721760518E+02    0.15000000000000E+02    0.10398762113533E+02    0.28921721760518E+02    0.29481345888477E-14
      0.16000000000000E+01    0.24000000000000E+02    0.29025219381653E+02    0.15000000000000E+02    0.10300762113533E+02    0.29025219381653E+02    0.26928203334448E-14
      0.16100000000000E+01    0.24150000000000E+02    0.29127737002788E+02    0.15000000000000E+02    0.10202762113533E+02    0.29127737002788E+02    0.28053128399432E-14
      0.16200000000000E+01    0.24300000000000E+02    0.29229274623924E+02    0.15000000000000E+02    0.10104762113533E+02    0.29229274623924E+02    0.29171140710219E-14
      0.16300000000000E+01    0.24450000000000E+02    0.29329832245059E+02    0.15000000000000E+02    0.10006762113533E+02    0.29329832245059E+02    0.29071127164587E-14
      0.16400000000000E+01    0.24600000000000E+02    0.29429409866194E+02    0.15000000000000E+02    0.99087621135332E+01    0.29429409866194E+02    0.30179960241757E-14
      0.16500000000000E+01    0.24750000000000E+02    0.29528007487330E+02    0.15000000000000E+02    0.98107621135332E+01    0.29528007487330E+02    0.27672850817135E-14
      0.16600000000000E+01    0.24900000000000E+02    0.29625625108465E+02    0.15000000000000E+02    0.97127621135332E+01    0.29625625108465E+02    0.28780870607469E-14
      0.16700000000000E+01    0.25050000000000E+02    0.29722262729600E+02    0.15000000000000E+02    0.96147621135332E+01    0.29722262729600E+02    0.29882597693869E-14
      0.16800000000000E+01    0.25200000000000E+02    0.29817920350736E+02    0.15000000000000E+02    0.95167621135332E+01    0.29817920350736E+02    0.29786732584059E-14
      0.16900000000000E+01    0.25350000000000E+02    0.29912597971871E+02    0.15000000000000E+02    0.94187621135332E+01    0.29912597971871E+02    0.28504755210963E-14
      0.17000000000000E+01    0.25500000000000E+02    0.30006295593006E+02    0.15000000000000E+02    0.93207621135332E+01    0.30006295593006E+02    0.28415746297949E-14
      0.17100000000000E+01    0.25650000000000E+02    0.30099013214142E+02    0.15000000000000E+02    0.92227621135332E+01    0.30099013214142E+02    0.29508556090564E-14
      0.17200000000000E+01    0.25800000000000E+02    0.30190750835277E+02    0.15000000000000E+02    0.91247621135332E+01    0.30190750835277E+02    0.30595647041968E-14
      0.17300000000000E+01    0.25950000000000E+02    0.30281508456412E+02    0.15000000000000E+02    0.90267621135332E+01    0.30281508456412E+02    0.28157490375337E-14
      0.17400000000000E+01    0.26100000000000E+02    0.30371286077548E+02    0.15000000000000E+02    0.89287621135332E+01    0.30371286077548E+02    0.29244017439114E-14
      0.17500000000000E+01    0.26250000000000E+02    0.30460083698683E+02    0.15000000000000E+02    0.88307621135332E+01    0.30460083698683E+02    0.29158764909714E-14
      0.17600000000000E+01    0.26400000000000E+02    0.30547901319818E+02    0.15000000000000E+02    0.87327621135332E+01    0.30547901319818E+02    0.30237938338791E-14
      0.17700000000000E+01    0.26550000000000E+02    0.30634738940954E+02    0.15000000000000E+02    0.86347621135332E+01    0.30634738940954E+02    0.30152225493695E-14
      0.17800000000000E+01    0.26700000000000E+02    0.30720596562089E+02    0.15000000000000E+02    0.85367621135332E+01    0.30720596562089E+02    0.30067956350432E-14
      0.17900000000000E+01    0.26850000000000E+02    0.30805474183224E+02    0.15000000000000E+02    0.84387621135332E+01    0.30805474183224E+02    0.28831837303248E-14
      0.18000000000000E+01    0.27000000000000E+02    0.30889371804360E+02    0.15000000000000E+02    0.83407621135332E+01    0.30889371804360E+02    0.29903669208247E-14
      0.18100000000000E+01    0.27150000000000E+02    0.30972289425495E+02    0.15000000000000E+02    0.82427621135332E+01    0.30972289425495E+02    0.30970674466400E-14
      0.18200000000000E+01    0.27300000000000E+02    0.31054227046630E+02    0.15000000000000E+02    0.81447621135332E+01    0.31054227046630E+02    0.28600886390328E-14
      0.18300000000000E+01    0.27450000000000E+02    0.31135184667766E+02    0.15000000000000E+02    0.80467621135332E+01    0.31135184667766E+02    0.29667579182353E-14
      0.18400000000000E+01    0.27600000000000E+02    0.31215162288901E+02    0.15000000000000E+02    0.79487621135332E+01    0.31215162288901E+02    0.29591566686058E-14
      0.18500000000000E+01    0.27750000000000E+02    0.31294159910036E+02    0.15000000000000E+02    0.78507621135332E+01    0.31294159910036E+02    0.30652131133531E-14
      0.18600000000000E+01    0.27900000000000E+02    0.31372177531172E+02    0.15000000000000E+02    0.77527621135332E+01    0.31372177531172E+02    0.31708345047957E-14
      0.18700000000000E+01    0.28050000000000E+02    0.31449215152307E+02    0.15000000000000E+02    0.76547621135332E+01    0.31449215152307E+02    0.29371338903520E-14
      0.18800000000000E+01    0.28200000000000E+02    0.31525272773442E+02    0.15000000000000E+02    0.75567621135332E+01    0.31525272773442E+02    0.30427419301641E-14
      0.18900000000000E+01    0.28350000000000E+02    0.31600350394578E+02    0.15000000000000E+02    0.74587621135332E+01    0.31600350394578E+02    0.30355128386194E-14
      0.19000000000000E+01    0.28500000000000E+02    0.31674448015713E+02    0.15000000000000E+02    0.73607621135332E+01    0.31674448015713E+02    0.31405751082723E-14
      0.19100000000000E+01    0.28650000000000E+02    0.31747565636848E+02    0.15000000000000E+02    0.72627621135332E+01    0.31747565636848E+02    0.30214369953543E-14
      0.19200000000000E+01    0.28800000000000E+02    0.31819703257984E+02    0.15000000000000E+02    0.71647621135332E+01    0.31819703257984E+02    0.30145871741763E-14
      0.19300000000000E+01    0.28950000000000E+02    0.31890860879119E+02    0.15000000000000E+02    0.70667621135332E+01    0.31890860879119E+02    0.31192630196931E-14
      0.19400000000000E+01    0.29100000000000E+02    0.31961038500254E+02    0.15000000000000E+02    0.69687621135332E+01    0.31961038500254E+02    0.31124139788393E-14
      0.19500000000000E+01    0.29250000000000E+02    0.32030236121390E+02    0.15000000000000E+02    0.68707621135332E+01    0.32030236121390E+02    0.31056899683604E-14
      0.19600000000000E+01    0.29400000000000E+02    0.32098453742525E+02    0.15000000000000E+02    0.67727621135332E+01    0.32098453742525E+02    0.30990895637638E-14
      0.19700000000000E+01    0.29550000000000E+02    0.32165691363660E+02    0.15000000000000E+02    0.66747621135332E+01    0.32165691363660E+02    0.30926113753239E-14
      0.19800000000000E+01    0.29700000000000E+02    0.32231948984796E+02    0.15000000000000E+02    0.65767621135332E+01    0.32231948984796E+02    0.33067007649550E-14
      0.19900000000000E+01    0.29850000000000E+02    0.32297226605931E+02    0.15000000000000E+02    0.64787621135332E+01    0.32297226605931E+02    0.33000174183514E-14
      0.20000000000000E+01    0.30000000000000E+02    0.32361524227066E+02    0.15000000000000E+02    0.63807621135332E+01    0.32361524227066E+02    0.30738967147664E-14
      0.20100000000000E+01    0.30150000000000E+02    0.32424841848202E+02    0.15000000000000E+02    0.62827621135332E+01    0.32424841848202E+02    0.32870294591715E-14
      0.20200000000000E+01    0.30300000000000E+02    0.32487179469337E+02    0.15000000000000E+02    0.61847621135332E+01    0.32487179469337E+02    0.34994369957207E-14
      0.20300000000000E+01    0.30450000000000E+02    0.32548537090472E+02    0.15000000000000E+02    0.60867621135332E+01    0.32548537090472E+02    0.34928401668441E-14
      0.20400000000000E+01    0.30600000000000E+02    0.32608914711608E+02    0.15000000000000E+02    0.59887621135332E+01    0.32608914711608E+02    0.32684746274636E-14
      0.20500000000000E+01    0.30750000000000E+02    0.32668312332743E+02    0.15000000000000E+02    0.58907621135332E+01    0.32668312332743E+02    0.34800340024810E-14
      0.20600000000000E+01    0.30900000000000E+02    0.32726729953878E+02    0.15000000000000E+02    0.57927621135332E+01    0.32726729953878E+02    0.34738220983836E-14
      0.20700000000000E+01    0.31050000000000E+02    0.32784167575014E+02    0.15000000000000E+02    0.56947621135332E+01    0.32784167575014E+02    0.36844694867677E-14
      0.20800000000000E+01    0.31200000000000E+02    0.32840625196149E+02    0.15000000000000E+02    0.55967621135332E+01    0.32840625196149E+02    0.36781353691580E-14
      0.20900000000000E+01    0.31350000000000E+02    0.32896102817284E+02    0.15000000000000E+02    0.54987621135332E+01    0.32896102817284E+02    0.36719323790461E-14
      0.21000000000000E+01    0.31500000000000E+02    0.32950600438420E+02    0.15000000000000E+02    0.54007621135332E+01    0.32950600438420E+02    0.36658593006510E-14
      0.21100000000000E+01    0.31650000000000E+02    0.33004118059555E+02    0.15000000000000E+02    0.53027621135332E+01    0.33004118059555E+02    0.38752040641120E-14
      0.21200000000000E+01    0.31800000000000E+02    0.33056655680690E+02    0.15000000000000E+02    0.52047621135332E+01    0.33056655680690E+02    0.38690451227808E-14
      0.21300000000000E+01    0.31950000000000E+02    0.33108213301826E+02    0.15000000000000E+02    0.51067621135332E+01    0.33108213301826E+02    0.38630200690946E-14
      0.21400000000000E+01    0.32100000000000E+02    0.33158790922961E+02    0.15000000000000E+02    0.50087621135332E+01    0.33158790922961E+02    0.38571277443127E-14
      0.21500000000000E+01    0.32250000000000E+02    0.33208388544096E+02    0.15000000000000E+02    0.49107621135332E+01    0.33208388544096E+02    0.38513670203234E-14
      0.21600000000000E+01    0.32400000000000E+02    0.33257006165232E+02    0.15000000000000E+02    0.48127621135332E+01    0.33257006165232E+02    0.38457367990787E-14
      0.21700000000000E+01    0.32550000000000E+02    0.33304643786367E+02    0.15000000000000E+02    0.47147621135332E+01    0.33304643786367E+02    0.40535824571612E-14
      0.21800000000000E+01    0.32700000000000E+02    0.33351301407502E+02    0.15000000000000E+02    0.46167621135332E+01    0.33351301407502E+02    0.42609595774291E-14
      0.21900000000000E+01    0.32850000000000E+02    0.33396979028638E+02    0.15000000000000E+02    0.45187621135332E+01    0.33396979028638E+02    0.40423752004232E-14
      0.22000000000000E+01    0.33000000000000E+02    0.33441676649773E+02    0.15000000000000E+02    0.44207621135332E+01    0.33441676649773E+02    0.42494444474268E-14
      0.22100000000000E+01    0.33150000000000E+02    0.33485394270908E+02    0.15000000000000E+02    0.43227621135332E+01    0.33485394270908E+02    0.40317016637821E-14
      0.22200000000000E+01    0.33300000000000E+02    0.33528131892044E+02    0.15000000000000E+02    0.42247621135332E+01    0.33528131892044E+02    0.42384868804976E-14
      0.22300000000000E+01    0.33450000000000E+02    0.33569889513179E+02    0.15000000000000E+02    0.41267621135332E+01    0.33569889513179E+02    0.42332146221759E-14
      0.22400000000000E+01    0.33600000000000E+02    0.33610667134314E+02    0.15000000000000E+02    0.40287621135332E+01    0.33610667134314E+02    0.42280787401252E-14
      0.22500000000000E+01    0.33750000000000E+02    0.33650464755450E+02    0.15000000000000E+02    0.39307621135332E+01    0.33650464755450E+02    0.44342322043400E-14
      0.22600000000000E+01    0.33900000000000E+02    0.33689282376585E+02    0.15000000000000E+02    0.38327621135332E+01    0.33689282376585E+02    0.44291229727508E-14
      0.22700000000000E+01    0.34050000000000E+02    0.33727119997720E+02    0.15000000000000E+02    0.37347621135332E+01    0.33727119997720E+02    0.44241540493142E-14
      0.22800000000000E+01    0.34200000000000E+02    0.33763977618856E+02    0.15000000000000E+02    0.36367621135332E+01    0.33763977618856E+02    0.44193245296517E-14
      0.22900000000000E+01    0.34350000000000E+02    0.33799855239991E+02    0.15000000000000E+02    0.35387621135332E+01    0.33799855239991E+02    0.46248541822827E-14
      0.23000000000000E+01    0.34500000000000E+02    0.33834752861126E+02    0.15000000000000E+02    0.34407621135332E+01    0.33834752861126E+02    0.46200840452073E-14
      0.23100000000000E+01    0.34650000000000E+02    0.33868670482262E+02    0.15000000000000E+02    0.33427621135332E+01    0.33868670482262E+02    0.41958702579261E-14
      0.23200000000000E+01    0.34800000000000E+02    0.33901608103397E+02    0.15000000000000E+02    0.32447621135332E+01    0.33901608103397E+02    0.46109730662469E-14
      0.23300000000000E+01    0.34950000000000E+02    0.33933565724532E+02    0.15000000000000E+02    0.31467621135332E+01    0.33933565724532E+02    0.43972382896899E-14
      0.23400000000000E+01    0.35100000000000E+02    0.33964543345668E+02    0.15000000000000E+02    0.30487621135332E+01    0.33964543345668E+02    0.46024290765906E-14
      0.23500000000000E+01    0.35250000000000E+02    0.33994540966803E+02    0.15000000000000E+02    0.29507621135332E+01    0.33994540966803E+02    0.45983677796936E-14
      0.23600000000000E+01    0.35400000000000E+02    0.34023558587938E+02    0.15000000000000E+02    0.28527621135332E+01    0.34023558587938E+02    0.45944459766957E-14
      0.23700000000000E+01    0.35550000000000E+02    0.34051596209074E+02    0.15000000000000E+02    0.27547621135332E+01    0.34051596209074E+02    0.45906629723739E-14
      0.23800000000000E+01    0.35700000000000E+02    0.34078653830209E+02    0.15000000000000E+02    0.26567621135332E+01    0.34078653830209E+02    0.45870180977822E-14
      0.23900000000000E+01    0.35850000000000E+02    0.34104731451344E+02    0.15000000000000E+02    0.25587621135332E+01    0.34104731451344E+02    0.45835107099505E-14
      0.24000000000000E+01    0.36000000000000E+02    0.34129829072480E+02    0.15000000000000E+02    0.24607621135332E+01    0.34129829072480E+02    0.45801401915977E-14
      0.24100000000000E+01    0.36150000000000E+02    0.34153946693615E+02    0.15000000000000E+02    0.23627621135332E+01    0.34153946693615E+02    0.43688647712716E-14
      0.24200000000000E+01    0.36300000000000E+02    0.34177084314750E+02    0.15000000000000E+02    0.22647621135332E+01    0.34177084314750E+02    0.45738074210080E-14
      0.24300000000000E+01    0.36450000000000E+02    0.34199241935886E+02    0.15000000000000E+02    0.21667621135332E+01    0.34199241935886E+02    0.45708440602362E-14
      0.24400000000000E+01    0.36600000000000E+02    0.34220419557021E+02    0.15000000000000E+02    0.20687621135332E+01    0.34220419557021E+02    0.45680153513825E-14
      0.24500000000000E+01    0.36750000000000E+02    0.34240617178156E+02    0.15000000000000E+02    0.19707621135332E+01    0.34240617178156E+02    0.45653208017216E-14
      0.24600000000000E+01    0.36900000000000E+02    0.34259834799292E+02    0.15000000000000E+02    0.18727621135332E+01    0.34259834799292E+02    0.43553617635280E-14
      0.24700000000000E+01    0.37050000000000E+02    0.34278072420427E+02    0.15000000000000E+02    0.17747621135332E+01    0.34278072420427E+02    0.45603323299495E-14
      0.24800000000000E+01    0.37200000000000E+02    0.34295330041562E+02    0.15000000000000E+02    0.16767621135332E+01    0.34295330041562E+02    0.45580375426561E-14
      0.24900000000000E+01    0.37350000000000E+02    0.34311607662698E+02    0.15000000000000E+02    0.15787621135332E+01    0.34311607662698E+02    0.45558751838133E-14
      0.25000000000000E+01    0.37500000000000E+02    0.34326905283833E+02    0.15000000000000E+02    0.14807621135332E+01    0.34326905283833E+02    0.45538448798309E-14
      0.25100000000000E+01    0.37650000000000E+02    0.34341222904968E+02    0.15000000000000E+02    0.13827621135332E+01    0.34341222904968E+02    0.43450396313066E-14
      0.25200000000000E+01    0.37800000000000E+02    0.34354560526104E+02    0.15000000000000E+02    0.12847621135332E+01    0.34354560526104E+02    0.45501790584236E-14
      0.25300000000000E+01    0.37950000000000E+02    0.34366918147239E+02    0.15000000000000E+02    0.11867621135332E+01    0.34366918147239E+02    0.43417909592690E-14
      0.25400000000000E+01    0.38100000000000E+02    0.34378295768374E+02    0.15000000000000E+02    0.10887621135332E+01    0.34378295768374E+02    0.45470375530082E-14
      0.25500000000000E+01    0.38250000000000E+02    0.34388693389510E+02    0.15000000000000E+02    0.99076211353321E+00    0.34388693389510E+02    0.47522837629730E-14
      0.25600000000000E+01    0.38400000000000E+02    0.34398111010645E+02    0.15000000000000E+02    0.89276211353321E+00    0.34398111010645E+02    0.43378537403826E-14
      0.25700000000000E+01    0.38550000000000E+02    0.34406548631780E+02    0.15000000000000E+02    0.79476211353321E+00    0.34406548631780E+02    0.43367899554969E-14
      0.25800000000000E+01    0.38700000000000E+02    0.34414006252916E+02    0.15000000000000E+02    0.69676211353321E+00    0.34414006252916E+02    0.43358501597581E-14
      0.25900000000000E+01    0.38850000000000E+02    0.34420483874051E+02    0.15000000000000E+02    0.59876211353321E+00    0.34420483874051E+02    0.43350341923029E-14
      0.26000000000000E+01    0.39000000000000E+02    0.34425981495186E+02    0.15000000000000E+02    0.50076211353321E+00    0.34425981495186E+02    0.45407391475267E-14
      0.26100000000000E+01    0.39150000000000E+02    0.34430499116322E+02    0.15000000000000E+02    0.40276211353321E+00    0.34430499116322E+02    0.41274030525063E-14
      0.26200000000000E+01    0.39300000000000E+02    0.34434036737457E+02    0.15000000000000E+02    0.30476211353321E+00    0.34434036737457E+02    0.43333279698604E-14
      0.26300000000000E+01    0.39450000000000E+02    0.34436594358592E+02    0.15000000000000E+02    0.20676211353321E+00    0.34436594358592E+02    0.43330061316702E-14
      0.26400000000000E+01    0.39600000000000E+02    0.34438171979728E+02    0.15000000000000E+02    0.10876211353321E+00    0.34438171979728E+02    0.43328076355928E-14
      0.26500000000000E+01    0.39750000000000E+02    0.34438769600863E+02    0.15000000000000E+02    0.10762113533206E-01    0.34438769600863E+02    0.45390530404810E-14
      0.26600000000000E+01    0.39900000000000E+02    0.34438387221998E+02    0.15000000000000E+02   -0.87237886466794E-01    0.34438387221998E+02    0.41264576716660E-14
      0.26700000000000E+01    0.40050000000000E+02    0.34437024843134E+02    0.15000000000000E+02   -0.18523788646679E+00    0.34437024843134E+02    0.41266209203422E-14
      0.26800000000000E+01    0.40200000000000E+02    0.34434682464269E+02    0.15000000000000E+02   -0.28323788646679E+00    0.34434682464269E+02    0.41269016288876E-14
      0.26900000000000E+01    0.40350000000000E+02    0.34431360085404E+02    0.15000000000000E+02   -0.38123788646679E+00    0.34431360085404E+02    0.43336648375059E-14
      0.27000000000000E+01    0.40500000000000E+02    0.34427057706540E+02    0.15000000000000E+02   -0.47923788646679E+00    0.34427057706540E+02    0.43342064193095E-14
      0.27100000000000E+01    0.40650000000000E+02    0.34421775327675E+02    0.15000000000000E+02   -0.57723788646679E+00    0.34421775327675E+02    0.39220266389304E-14
      0.27200000000000E+01    0.40800000000000E+02    0.34415512948810E+02    0.15000000000000E+02   -0.67523788646679E+00    0.34415512948810E+02    0.41292003220581E-14
      0.27300000000000E+01    0.40950000000000E+02    0.34408270569946E+02    0.15000000000000E+02   -0.77323788646679E+00    0.34408270569946E+02    0.41300694512716E-14
      0.27400000000000E+01    0.41100000000000E+02    0.34400048191081E+02    0.15000000000000E+02   -0.87123788646679E+00    0.34400048191081E+02    0.41310566299981E-14
      0.27500000000000E+01    0.41250000000000E+02    0.34390845812216E+02    0.15000000000000E+02   -0.96923788646679E+00    0.34390845812216E+02    0.37189458245713E-14
      0.27600000000000E+01    0.41400000000000E+02    0.34380663433352E+02    0.15000000000000E+02   -0.10672378864668E+01    0.34380663433352E+02    0.37200472493718E-14
      0.27700000000000E+01    0.41550000000000E+02    0.34369501054487E+02    0.15000000000000E+02   -0.11652378864668E+01    0.34369501054487E+02    0.37212554303322E-14
      0.27800000000000E+01    0.41700000000000E+02    0.34357358675622E+02    0.15000000000000E+02   -0.12632378864668E+01    0.34357358675622E+02    0.39293800512729E-14
      0.27900000000000E+01    0.41850000000000E+02    0.34344236296758E+02    0.15000000000000E+02   -0.13612378864668E+01    0.34344236296758E+02    0.39308814040266E-14
      0.28000000000000E+01    0.42000000000000E+02    0.34330133917893E+02    0.15000000000000E+02   -0.14592378864668E+01    0.34330133917893E+02    0.35185491955294E-14
      0.28100000000000E+01    0.42150000000000E+02    0.34315051539028E+02    0.15000000000000E+02   -0.15572378864668E+01    0.34315051539028E+02    0.35200956915899E-14
      0.28200000000000E+01    0.42300000000000E+02    0.34298989160164E+02    0.15000000000000E+02   -0.16552378864668E+01    0.34298989160164E+02    0.37289055907620E-14
      0.28300000000000E+01    0.42450000000000E+02    0.34281946781299E+02    0.15000000000000E+02   -0.17532378864668E+01    0.34281946781299E+02    0.39380237258890E-14
      0.28400000000000E+01    0.42600000000000E+02    0.34263924402434E+02    0.15000000000000E+02   -0.18512378864668E+01    0.34263924402434E+02    0.37327216501719E-14
      0.28500000000000E+01    0.42750000000000E+02    0.34244922023570E+02    0.15000000000000E+02   -0.19492378864668E+01    0.34244922023570E+02    0.33198159319320E-14
      0.28600000000000E+01    0.42900000000000E+02    0.34224939644705E+02    0.15000000000000E+02   -0.20472378864668E+01    0.34224939644705E+02    0.33217542208056E-14
      0.28700000000000E+01    0.43050000000000E+02    0.34203977265840E+02    0.15000000000000E+02   -0.21452378864668E+01    0.34203977265840E+02    0.33237900036601E-14
      0.28800000000000E+01    0.43200000000000E+02    0.34182034886976E+02    0.15000000000000E+02   -0.22432378864668E+01    0.34182034886976E+02    0.35337938621449E-14
      0.28900000000000E+01    0.43350000000000E+02    0.34159112508111E+02    0.15000000000000E+02   -0.23412378864668E+01    0.34159112508111E+02    0.35361652048347E-14
      0.29000000000000E+01    0.43500000000000E+02    0.34135210129246E+02    0.15000000000000E+02   -0.24392378864668E+01    0.34135210129246E+02    0.31223305777368E-14
      0.29100000000000E+01    0.43650000000000E+02    0.34110327750382E+02    0.15000000000000E+02   -0.25372378864668E+01    0.34110327750382E+02    0.31246082167247E-14
      0.29200000000000E+01    0.43800000000000E+02    0.34084465371517E+02    0.15000000000000E+02   -0.26352378864668E+01    0.34084465371517E+02    0.33354443580805E-14
      0.29300000000000E+01    0.43950000000000E+02    0.34057622992652E+02    0.15000000000000E+02   -0.27332378864668E+01    0.34057622992652E+02    0.29208140282684E-14
      0.29400000000000E+01    0.44100000000000E+02    0.34029800613788E+02    0.15000000000000E+02   -0.28312378864668E+01    0.34029800613788E+02    0.29232020526770E-14
      0.29500000000000E+01    0.44250000000000E+02    0.34000998234923E+02    0.15000000000000E+02   -0.29292378864668E+01    0.34000998234923E+02    0.27167012865504E-14
      0.29600000000000E+01    0.44400000000000E+02    0.33971215856058E+02    0.15000000000000E+02   -0.30272378864668E+01    0.33971215856058E+02    0.27190830036877E-14
      0.29700000000000E+01    0.44550000000000E+02    0.33940453477194E+02    0.15000000000000E+02   -0.31252378864668E+01    0.33940453477194E+02    0.27215474805274E-14
      0.29800000000000E+01    0.44700000000000E+02    0.33908711098329E+02    0.15000000000000E+02   -0.32232378864668E+01    0.33908711098329E+02    0.27240951559897E-14
      0.29900000000000E+01    0.44850000000000E+02    0.33875988719464E+02    0.15000000000000E+02   -0.33212378864668E+01    0.33875988719464E+02    0.25169782938976E-14
      0.30000000000000E+01    0.45000000000000E+02    0.33842286340600E+02    0.15000000000000E+02   -0.34192378864668E+01    0.33842286340600E+02    0.25194848667456E-14
      0.30100000000000E+01    0.45150000000000E+02    0.33807603961735E+02    0.15000000000000E+02   -0.35172378864668E+01    0.33807603961735E+02    0.23118970815582E-14
      0.30200000000000E+01    0.45300000000000E+02    0.33771941582870E+02    0.15000000000000E+02   -0.36152378864668E+01    0.33771941582870E+02    0.27351271890055E-14
      0.30300000000000E+01    0.45450000000000E+02    0.33735299204006E+02    0.15000000000000E+02   -0.37132378864668E+01    0.33735299204006E+02    0.25274750870177E-14
      0.30400000000000E+01    0.45600000000000E+02    0.33697676825141E+02    0.15000000000000E+02   -0.38112378864668E+01    0.33697676825141E+02    0.23194388544702E-14
      0.30500000000000E+01    0.45750000000000E+02    0.33659074446276E+02    0.15000000000000E+02   -0.39092378864668E+01    0.33659074446276E+02    0.23220989352623E-14
      0.30600000000000E+01    0.45900000000000E+02    0.33619492067412E+02    0.15000000000000E+02   -0.40072378864668E+01    0.33619492067412E+02    0.23248328908982E-14
      0.30700000000000E+01    0.46050000000000E+02    0.33578929688547E+02    0.15000000000000E+02   -0.41052378864668E+01    0.33578929688547E+02    0.21160374745430E-14
      0.30800000000000E+01    0.46200000000000E+02    0.33537387309682E+02    0.15000000000000E+02   -0.42032378864668E+01    0.33537387309682E+02    0.23305244446113E-14
      0.30900000000000E+01    0.46350000000000E+02    0.33494864930818E+02    0.15000000000000E+02   -0.43012378864668E+01    0.33494864930818E+02    0.19092134376566E-14
      0.31000000000000E+01    0.46500000000000E+02    0.33451362551953E+02    0.15000000000000E+02   -0.43992378864668E+01    0.33451362551953E+02    0.19116963059155E-14
      0.31100000000000E+01    0.46650000000000E+02    0.33406880173088E+02    0.15000000000000E+02   -0.44972378864668E+01    0.33406880173088E+02    0.21269353261323E-14
      0.31200000000000E+01    0.46800000000000E+02    0.33361417794224E+02    0.15000000000000E+02   -0.45952378864668E+01    0.33361417794224E+02    0.19168503752704E-14
      0.31300000000000E+01    0.46950000000000E+02    0.33314975415359E+02    0.15000000000000E+02   -0.46932378864668E+01    0.33314975415359E+02    0.19195225396723E-14
      0.31400000000000E+01    0.47100000000000E+02    0.33267553036494E+02    0.15000000000000E+02   -0.47912378864668E+01    0.33267553036494E+02    0.17086744792576E-14
      0.31500000000000E+01    0.47250000000000E+02    0.33219150657630E+02    0.15000000000000E+02   -0.48892378864668E+01    0.33219150657630E+02    0.17111641247743E-14
      0.31600000000000E+01    0.47400000000000E+02    0.33169768278765E+02    0.15000000000000E+02   -0.49872378864668E+01    0.33169768278765E+02    0.17137116660896E-14
      0.31700000000000E+01    0.47550000000000E+02    0.33119405899900E+02    0.15000000000000E+02   -0.50852378864668E+01    0.33119405899900E+02    0.17163175883230E-14
      0.31800000000000E+01    0.47700000000000E+02    0.33068063521036E+02    0.15000000000000E+02   -0.51832378864668E+01    0.33068063521036E+02    0.15041095911639E-14
      0.31900000000000E+01    0.47850000000000E+02    0.33015741142171E+02    0.15000000000000E+02   -0.52812378864668E+01    0.33015741142171E+02    0.12912799371071E-14
      0.32000000000000E+01    0.48000000000000E+02    0.32962438763306E+02    0.15000000000000E+02   -0.53792378864668E+01    0.32962438763306E+02    0.15089293562397E-14
      0.32100000000000E+01    0.48150000000000E+02    0.32908156384442E+02    0.15000000000000E+02   -0.54772378864668E+01    0.32908156384442E+02    0.12955014449172E-14
      0.32200000000000E+01    0.48300000000000E+02    0.32852894005577E+02    0.15000000000000E+02   -0.55752378864668E+01    0.32852894005577E+02    0.12976806286341E-14
      0.32300000000000E+01    0.48450000000000E+02    0.32796651626712E+02    0.15000000000000E+02   -0.56732378864668E+01    0.32796651626712E+02    0.10832549978690E-14
      0.32400000000000E+01    0.48600000000000E+02    0.32739429247848E+02    0.15000000000000E+02   -0.57712378864668E+01    0.32739429247848E+02    0.86811865946846E-15
      0.32500000000000E+01    0.48750000000000E+02    0.32681226868983E+02    0.15000000000000E+02   -0.58692378864668E+01    0.32681226868983E+02    0.65224852660087E-15
      0.32600000000000E+01    0.48900000000000E+02    0.32622044490118E+02    0.15000000000000E+02   -0.59672378864668E+01    0.32622044490118E+02    0.87124243359466E-15
      0.32700000000000E+01    0.49050000000000E+02    0.32561882111254E+02    0.15000000000000E+02   -0.60652378864668E+01    0.32561882111254E+02    0.65463912681620E-15
      0.32800000000000E+01    0.49200000000000E+02    0.32500739732389E+02    0.15000000000000E+02   -0.61632378864668E+01    0.32500739732389E+02    0.43724711597995E-15
      0.32900000000000E+01    0.49350000000000E+02    0.32438617353524E+02    0.15000000000000E+02   -0.62612378864668E+01    0.32438617353524E+02    0.43808447691616E-15
      0.33000000000000E+01    0.49500000000000E+02    0.32375514974660E+02    0.15000000000000E+02   -0.63592378864668E+01    0.32375514974660E+02    0.43893833739247E-15
      0.33100000000000E+01    0.49650000000000E+02    0.32311432595795E+02    0.15000000000000E+02   -0.64572378864668E+01    0.32311432595795E+02    0.21990443588458E-15
      0.33200000000000E+01    0.49800000000000E+02    0.32246370216930E+02    0.15000000000000E+02   -0.65552378864668E+01    0.32246370216930E+02    0.44069625882236E-15
      0.33300000000000E+01    0.49950000000000E+02    0.32180327838066E+02    0.15000000000000E+02   -0.66532378864668E+01    0.32180327838066E+02    0.00000000000000E+00
      0.33400000000000E+01    0.50100000000000E+02    0.32113305459201E+02    0.15000000000000E+02   -0.67512378864668E+01    0.32113305459201E+02    0.00000000000000E+00
      0.33500000000000E+01    0.50250000000000E+02    0.32045303080336E+02    0.15000000000000E+02   -0.68492378864668E+01    0.32045303080336E+02    0.22173069606451E-15
      0.33600000000000E+01    0.50400000000000E+02    0.31976320701472E+02    0.15000000000000E+02   -0.69472378864668E+01    0.31976320701472E+02    0.22220903473970E-15
      0.33700000000000E+01    0.50550000000000E+02    0.31906358322607E+02    0.15000000000000E+02   -0.70452378864668E+01    0.31906358322607E+02    0.00000000000000E+00
      0.33800000000000E+01    0.50700000000000E+02    0.31835415943742E+02    0.15000000000000E+02   -0.71432378864668E+01    0.31835415943742E+02    0.55798135087643E-15
      0.33900000000000E+01    0.50850000000000E+02    0.31763493564878E+02    0.15000000000000E+02   -0.72412378864668E+01    0.31763493564878E+02    0.44739583466082E-15
      0.34000000000000E+01    0.51000000000000E+02    0.31690591186013E+02    0.15000000000000E+02   -0.73392378864668E+01    0.31690591186013E+02    0.44842504299744E-15
      0.34100000000000E+01    0.51150000000000E+02    0.31616708807148E+02    0.15000000000000E+02   -0.74372378864668E+01    0.31616708807148E+02    0.67420939360974E-15
      0.34200000000000E+01    0.51300000000000E+02    0.31541846428284E+02    0.15000000000000E+02   -0.75352378864668E+01    0.31541846428284E+02    0.78844451316913E-15
      0.34300000000000E+01    0.51450000000000E+02    0.31466004049419E+02    0.15000000000000E+02   -0.76332378864668E+01    0.31466004049419E+02    0.11290641395777E-14
      0.34400000000000E+01    0.51600000000000E+02    0.31389181670554E+02    0.15000000000000E+02   -0.77312378864668E+01    0.31389181670554E+02    0.13581929147774E-14
      0.34500000000000E+01    0.51750000000000E+02    0.31311379291690E+02    0.15000000000000E+02   -0.78292378864668E+01    0.31311379291690E+02    0.13615677466154E-14
      0.34600000000000E+01    0.51900000000000E+02    0.31232596912825E+02    0.15000000000000E+02   -0.79272378864668E+01    0.31232596912825E+02    0.11375018506199E-14
      0.34700000000000E+01    0.52050000000000E+02    0.31152834533960E+02    0.15000000000000E+02   -0.80252378864668E+01    0.31152834533960E+02    0.14825385399219E-14
      0.34800000000000E+01    0.52200000000000E+02    0.31072092155096E+02    0.15000000000000E+02   -0.81232378864668E+01    0.31072092155096E+02    0.18294042955677E-14
      0.34900000000000E+01    0.52350000000000E+02    0.30990369776231E+02    0.15000000000000E+02   -0.82212378864668E+01    0.30990369776231E+02    0.18342284803715E-14
      0.35000000000000E+01    0.52500000000000E+02    0.30907667397366E+02    0.15000000000000E+02   -0.83192378864668E+01    0.30907667397366E+02    0.18391364877199E-14
      0.35100000000000E+01    0.52650000000000E+02    0.30823985018502E+02    0.15000000000000E+02   -0.84172378864668E+01    0.30823985018502E+02    0.19593875517185E-14
      0.35200000000000E+01    0.52800000000000E+02    0.30739322639637E+02    0.15000000000000E+02   -0.85152378864668E+01    0.30739322639637E+02    0.25426617837319E-14
      0.35300000000000E+01    0.52950000000000E+02    0.30653680260772E+02    0.15000000000000E+02   -0.86132378864668E+01    0.30653680260772E+02    0.25497656486498E-14
      0.35400000000000E+01    0.53100000000000E+02    0.30567057881908E+02    0.15000000000000E+02   -0.87112378864668E+01    0.30567057881908E+02    0.25569912955173E-14
      0.35500000000000E+01    0.53250000000000E+02    0.30479455503043E+02    0.15000000000000E+02   -0.88092378864668E+01    0.30479455503043E+02    0.25643404596190E-14
      0.35600000000000E+01    0.53400000000000E+02    0.30390873124178E+02    0.15000000000000E+02   -0.89072378864668E+01    0.30390873124178E+02    0.26887155982170E-14
      0.35700000000000E+01    0.53550000000000E+02    0.30301310745314E+02    0.15000000000000E+02   -0.90052378864668E+01    0.30301310745314E+02    0.32828937283447E-14
      0.35800000000000E+01    0.53700000000000E+02    0.30210768366449E+02    0.15000000000000E+02   -0.91032378864668E+01    0.30210768366449E+02    0.30575374491764E-14
      0.35900000000000E+01    0.53850000000000E+02    0.30119245987584E+02    0.15000000000000E+02   -0.92012378864668E+01    0.30119245987584E+02    0.30668282893566E-14
      0.36000000000000E+01    0.54000000000000E+02    0.30026743608720E+02    0.15000000000000E+02   -0.92992378864668E+01    0.30026743608720E+02    0.31945944780958E-14
      0.36100000000000E+01    0.54150000000000E+02    0.29933261229855E+02    0.15000000000000E+02   -0.93972378864668E+01    0.29933261229855E+02    0.33232591077379E-14
      0.36200000000000E+01    0.54300000000000E+02    0.29838798850990E+02    0.15000000000000E+02   -0.94952378864668E+01    0.29838798850990E+02    0.40481611100511E-14
      0.36300000000000E+01    0.54450000000000E+02    0.29743356472126E+02    0.15000000000000E+02   -0.95932378864668E+01    0.29743356472126E+02    0.38222598659354E-14
      0.36400000000000E+01    0.54600000000000E+02    0.29646934093261E+02    0.15000000000000E+02   -0.96912378864668E+01    0.29646934093261E+02    0.40743594160272E-14
      0.36500000000000E+01    0.54750000000000E+02    0.29549531714396E+02    0.15000000000000E+02   -0.97892378864668E+01    0.29549531714396E+02    0.44484767943573E-14
      0.36600000000000E+01    0.54900000000000E+02    0.29451149335532E+02    0.15000000000000E+02   -0.98872378864668E+01    0.29451149335532E+02    0.43427063229249E-14
      0.36700000000000E+01    0.55050000000000E+02    0.29351786956667E+02    0.15000000000000E+02   -0.99852378864668E+01    0.29351786956667E+02    0.48415637304066E-14
      0.36800000000000E+01    0.55200000000000E+02    0.29251444577802E+02    0.15000000000000E+02   -0.10083237886467E+02    0.29251444577802E+02    0.48581719365703E-14
      0.36900000000000E+01    0.55350000000000E+02    0.29150122198938E+02    0.15000000000000E+02   -0.10181237886467E+02    0.29150122198938E+02    0.49969348271250E-14
      0.37000000000000E+01    0.55500000000000E+02    0.29047819820073E+02    0.15000000000000E+02   -0.10279237886467E+02    0.29047819820073E+02    0.51368390272963E-14
      0.37100000000000E+01    0.55650000000000E+02    0.28944537441208E+02    0.15000000000000E+02   -0.10377237886467E+02    0.28944537441208E+02    0.54006529620567E-14
      0.37200000000000E+01    0.55800000000000E+02    0.28840275062344E+02    0.15000000000000E+02   -0.10475237886467E+02    0.28840275062344E+02    0.56665489102149E-14
      0.37300000000000E+01    0.55950000000000E+02    0.28735032683479E+02    0.15000000000000E+02   -0.10573237886467E+02    0.28735032683479E+02    0.59345767398576E-14
      0.37400000000000E+01    0.56100000000000E+02    0.28628810304614E+02    0.15000000000000E+02   -0.10671237886467E+02    0.28628810304614E+02    0.58325002375914E-14
      0.37500000000000E+01    0.56250000000000E+02    0.28521607925750E+02    0.15000000000000E+02   -0.10769237886467E+02    0.28521607925750E+02    0.62281090323682E-14
      0.37600000000000E+01    0.56400000000000E+02    0.28413425546885E+02    0.15000000000000E+02   -0.10867237886467E+02    0.28413425546885E+02    0.67519679504557E-14
      0.37700000000000E+01    0.56550000000000E+02    0.28304263168020E+02    0.15000000000000E+02   -0.10965237886467E+02    0.28304263168020E+02    0.67780085818304E-14
      0.37800000000000E+01    0.56700000000000E+02    0.28194120789156E+02    0.15000000000000E+02   -0.11063237886467E+02    0.28194120789156E+02    0.69304963894878E-14
      0.37900000000000E+01    0.56850000000000E+02    0.28082998410291E+02    0.15000000000000E+02   -0.11161237886467E+02    0.28082998410291E+02    0.70844274926114E-14
      0.38000000000000E+01    0.57000000000000E+02    0.27970896031426E+02    0.15000000000000E+02   -0.11259237886467E+02    0.27970896031426E+02    0.73668499263990E-14
      0.38100000000000E+01    0.57150000000000E+02    0.27857813652562E+02    0.15000000000000E+02   -0.11357237886467E+02    0.27857813652562E+02    0.81619354009256E-14
      0.38200000000000E+01    0.57300000000000E+02    0.27743751273697E+02    0.15000000000000E+02   -0.11455237886467E+02    0.27743751273697E+02    0.79393823103677E-14
      0.38300000000000E+01    0.57450000000000E+02    0.27628708894832E+02    0.15000000000000E+02   -0.11553237886467E+02    0.27628708894832E+02    0.83582041419686E-14
      0.38400000000000E+01    0.57600000000000E+02    0.27512686515968E+02    0.15000000000000E+02   -0.11651237886467E+02    0.27512686515968E+02    0.82643210909727E-14
      0.38500000000000E+01    0.57750000000000E+02    0.27395684137103E+02    0.15000000000000E+02   -0.11749237886467E+02    0.27395684137103E+02    0.82996166222873E-14
      0.38600000000000E+01    0.57900000000000E+02    0.27277701758238E+02    0.15000000000000E+02   -0.11847237886467E+02    0.27277701758238E+02    0.88564840359203E-14
      0.38700000000000E+01    0.58050000000000E+02    0.27158739379374E+02    0.15000000000000E+02   -0.11945237886467E+02    0.27158739379374E+02    0.90260906595469E-14
      0.38800000000000E+01    0.58200000000000E+02    0.27038797000509E+02    0.15000000000000E+02   -0.12043237886467E+02    0.27038797000509E+02    0.91975230078229E-14
      0.38900000000000E+01    0.58350000000000E+02    0.26917874621644E+02    0.15000000000000E+02   -0.12141237886467E+02    0.26917874621644E+02    0.95028076499009E-14
      0.39000000000000E+01    0.58500000000000E+02    0.26795972242780E+02    0.15000000000000E+02   -0.12239237886467E+02    0.26795972242780E+02    0.92808708436786E-14
      0.39100000000000E+01    0.58650000000000E+02    0.26673089863915E+02    0.15000000000000E+02   -0.12337237886467E+02    0.26673089863915E+02    0.10122795707824E-13
      0.39200000000000E+01    0.58800000000000E+02    0.26549227485050E+02    0.15000000000000E+02   -0.12435237886467E+02    0.26549227485050E+02    0.10571470706004E-13
      0.39300000000000E+01    0.58950000000000E+02    0.26424385106186E+02    0.15000000000000E+02   -0.12533237886467E+02    0.26424385106186E+02    0.10486967467090E-13
      0.39400000000000E+01    0.59100000000000E+02    0.26298562727321E+02    0.15000000000000E+02   -0.12631237886467E+02    0.26298562727321E+02    0.11077507340696E-13
      0.39500000000000E+01    0.59250000000000E+02    0.26171760348456E+02    0.15000000000000E+02   -0.12729237886467E+02    0.26171760348456E+02    0.10588193658238E-13
      0.39600000000000E+01    0.59400000000000E+02    0.26043977969592E+02    0.15000000000000E+02   -0.12827237886467E+02    0.26043977969592E+02    0.11867852538369E-13
      0.39700000000000E+01    0.59550000000000E+02    0.25915215590727E+02    0.15000000000000E+02   -0.12925237886467E+02    0.25915215590727E+02    0.11515549541715E-13
      0.39800000000000E+01    0.59700000000000E+02    0.25785473211862E+02    0.15000000000000E+02   -0.13023237886467E+02    0.25785473211862E+02    0.12400169214073E-13
      0.39900000000000E+01    0.59850000000000E+02    0.25654750832998E+02    0.15000000000000E+02   -0.13121237886467E+02    0.25654750832998E+02    0.12186390184399E-13
      0.40000000000000E+01    0.60000000000000E+02    0.25523048454133E+02    0.15000000000000E+02   -0.13219237886467E+02    0.25523048454133E+02    0.12527666186375E-13
      0.40100000000000E+01    0.60150000000000E+02    0.25390366075268E+02    0.15000000000000E+02   -0.13317237886467E+02    0.25390366075269E+02    0.13012903049487E-13
      0.40200000000000E+01    0.60300000000000E+02    0.25256703696404E+02    0.15000000000000E+02   -0.13415237886467E+02    0.25256703696404E+02    0.12941105156814E-13
      0.40300000000000E+01    0.60450000000000E+02    0.25122061317539E+02    0.15000000000000E+02   -0.13513237886467E+02    0.25122061317539E+02    0.13576135686236E-13
      0.40400000000000E+01    0.60600000000000E+02    0.24986438938674E+02    0.15000000000000E+02   -0.13611237886467E+02    0.24986438938675E+02    0.13649824771026E-13
      0.40500000000000E+01    0.60750000000000E+02    0.24849836559809E+02    0.15000000000000E+02   -0.13709237886467E+02    0.24849836559810E+02    0.14439695838450E-13
      0.40600000000000E+01    0.60900000000000E+02    0.24712254180945E+02    0.15000000000000E+02   -0.13807237886467E+02    0.24712254180945E+02    0.14663850273807E-13
      0.40700000000000E+01    0.61050000000000E+02    0.24573691802080E+02    0.15000000000000E+02   -0.13905237886467E+02    0.24573691802081E+02    0.15035682288649E-13
      0.40800000000000E+01    0.61200000000000E+02    0.24434149423215E+02    0.15000000000000E+02   -0.14003237886467E+02    0.24434149423216E+02    0.15412349471639E-13
      0.40900000000000E+01    0.61350000000000E+02    0.24293627044351E+02    0.15000000000000E+02   -0.14101237886467E+02    0.24293627044351E+02    0.15793980726302E-13
      0.41000000000000E+01    0.61500000000000E+02    0.24152124665486E+02    0.15000000000000E+02   -0.14199237886467E+02    0.24152124665487E+02    0.15739417086352E-13
      0.41100000000000E+01    0.61650000000000E+02    0.24009642286621E+02    0.15000000000000E+02   -0.14297237886467E+02    0.24009642286622E+02    0.16868612807652E-13
      0.41200000000000E+01    0.61800000000000E+02    0.23866179907757E+02    0.15000000000000E+02   -0.14395237886467E+02    0.23866179907757E+02    0.16374572980615E-13
      0.41300000000000E+01    0.61950000000000E+02    0.23721737528892E+02    0.15000000000000E+02   -0.14493237886467E+02    0.23721737528893E+02    0.17073342915542E-13
      0.41400000000000E+01    0.62100000000000E+02    0.23576315150027E+02    0.15000000000000E+02   -0.14591237886467E+02    0.23576315150028E+02    0.17932103684861E-13
      0.41500000000000E+01    0.62250000000000E+02    0.23429912771163E+02    0.15000000000000E+02   -0.14689237886467E+02    0.23429912771163E+02    0.17589258259983E-13
      0.41600000000000E+01    0.62400000000000E+02    0.23282530392298E+02    0.15000000000000E+02   -0.14787237886467E+02    0.23282530392299E+02    0.18616149598457E-13
      0.41700000000000E+01    0.62550000000000E+02    0.23134168013433E+02    0.15000000000000E+02   -0.14885237886467E+02    0.23134168013434E+02    0.19042677303780E-13
      0.41800000000000E+01    0.62700000000000E+02    0.22984825634569E+02    0.15000000000000E+02   -0.14983237886467E+02    0.22984825634569E+02    0.18857270257547E-13
      0.41900000000000E+01    0.62850000000000E+02    0.22834503255704E+02    0.15000000000000E+02   -0.15081237886467E+02    0.22834503255705E+02    0.19448166000244E-13
      0.42000000000000E+01    0.63000000000000E+02    0.22683200876839E+02    0.15000000000000E+02   -0.15179237886467E+02    0.22683200876840E+02    0.20047759280339E-13
      0.42100000000000E+01    0.63150000000000E+02    0.22530918497975E+02    0.15000000000000E+02   -0.15277237886467E+02    0.22530918497975E+02    0.20813985264019E-13
      0.42200000000000E+01    0.63300000000000E+02    0.22377656119110E+02    0.15000000000000E+02   -0.15375237886467E+02    0.22377656119111E+02    0.21591584826627E-13
      0.42300000000000E+01    0.63450000000000E+02    0.22223413740245E+02    0.15000000000000E+02   -0.15473237886467E+02    0.22223413740246E+02    0.21261851343062E-13
      0.42400000000000E+01    0.63600000000000E+02    0.22068191361381E+02    0.15000000000000E+02   -0.15571237886467E+02    0.22068191361381E+02    0.21572390104989E-13
      0.42500000000000E+01    0.63750000000000E+02    0.21911988982516E+02    0.15000000000000E+02   -0.15669237886467E+02    0.21911988982517E+02    0.22698985264593E-13
      0.42600000000000E+01    0.63900000000000E+02    0.21754806603651E+02    0.15000000000000E+02   -0.15767237886467E+02    0.21754806603652E+02    0.23189603639362E-13
      0.42700000000000E+01    0.64050000000000E+02    0.21596644224787E+02    0.15000000000000E+02   -0.15865237886467E+02    0.21596644224787E+02    0.23852941135865E-13
      0.42800000000000E+01    0.64200000000000E+02    0.21437501845922E+02    0.15000000000000E+02   -0.15963237886467E+02    0.21437501845923E+02    0.24527187367332E-13
      0.42900000000000E+01    0.64350000000000E+02    0.21277379467057E+02    0.15000000000000E+02   -0.16061237886467E+02    0.21277379467058E+02    0.25212680270587E-13
      0.43000000000000E+01    0.64500000000000E+02    0.21116277088193E+02    0.15000000000000E+02   -0.16159237886467E+02    0.21116277088193E+02    0.26078016400058E-13
      0.43100000000000E+01    0.64650000000000E+02    0.20954194709328E+02    0.15000000000000E+02   -0.16257237886467E+02    0.20954194709329E+02    0.26279731951184E-13
      0.43200000000000E+01    0.64800000000000E+02    0.20791132330463E+02    0.15000000000000E+02   -0.16355237886467E+02    0.20791132330464E+02    0.26656717156324E-13
      0.43300000000000E+01    0.64950000000000E+02    0.20627089951599E+02    0.15000000000000E+02   -0.16453237886467E+02    0.20627089951599E+02    0.27040947069144E-13
      0.43400000000000E+01    0.65100000000000E+02    0.20462067572734E+02    0.15000000000000E+02   -0.16551237886467E+02    0.20462067572735E+02    0.27606275510593E-13
      0.43500000000000E+01    0.65250000000000E+02    0.20296065193869E+02    0.15000000000000E+02   -0.16649237886467E+02    0.20296065193870E+02    0.28882335142436E-13
      0.43600000000000E+01    0.65400000000000E+02    0.20129082815005E+02    0.15000000000000E+02   -0.16747237886467E+02    0.20129082815005E+02    0.29474923910463E-13
      0.43700000000000E+01    0.65550000000000E+02    0.19961120436140E+02    0.15000000000000E+02   -0.16845237886467E+02    0.19961120436141E+02    0.29544958288669E-13
      0.43800000000000E+01    0.65700000000000E+02    0.19792178057275E+02    0.15000000000000E+02   -0.16943237886467E+02    0.19792178057276E+02    0.30335651285057E-13
      0.43900000000000E+01    0.65850000000000E+02    0.19622255678411E+02    0.15000000000000E+02   -0.17041237886467E+02    0.19622255678411E+02    0.30598348199991E-13
      0.44000000000000E+01    0.66000000000000E+02    0.19451353299546E+02    0.15000000000000E+02   -0.17139237886467E+02    0.19451353299547E+02    0.31597774045203E-13
      0.44100000000000E+01    0.66150000000000E+02    0.19279470920681E+02    0.15000000000000E+02   -0.17237237886467E+02    0.19279470920682E+02    0.32800850055906E-13
      0.44200000000000E+01    0.66300000000000E+02    0.19106608541817E+02    0.15000000000000E+02   -0.17335237886467E+02    0.19106608541817E+02    0.33283549360079E-13
      0.44299999999999E+01    0.66450000000000E+02    0.18932766162952E+02    0.15000000000000E+02   -0.17433237886467E+02    0.18932766162953E+02    0.33964459832667E-13
      0.44399999999999E+01    0.66600000000000E+02    0.18757943784087E+02    0.15000000000000E+02   -0.17531237886467E+02    0.18757943784088E+02    0.33902209955696E-13
      0.44499999999999E+01    0.66750000000000E+02    0.18582141405223E+02    0.15000000000000E+02   -0.17629237886467E+02    0.18582141405223E+02    0.36134849619891E-13
      0.44599999999999E+01    0.66900000000000E+02    0.18405359026358E+02    0.15000000000000E+02   -0.17727237886467E+02    0.18405359026359E+02    0.36288896655478E-13
      0.44699999999999E+01    0.67050000000000E+02    0.18227596647493E+02    0.15000000000000E+02   -0.17825237886467E+02    0.18227596647494E+02    0.37227525151769E-13
      0.44799999999999E+01    0.67200000000000E+02    0.18048854268629E+02    0.15000000000000E+02   -0.17923237886467E+02    0.18048854268629E+02    0.38383553717878E-13
      0.44899999999999E+01    0.67350000000000E+02    0.17869131889764E+02    0.15000000000000E+02   -0.18021237886467E+02    0.17869131889765E+02    0.38769604009858E-13
      0.44999999999999E+01    0.67500000000000E+02    0.17688429510899E+02    0.15000000000000E+02   -0.18119237886467E+02    0.17688429510900E+02    0.39366518130725E-13
      0.45099999999999E+01    0.67650000000000E+02    0.17506747132035E+02    0.15000000000000E+02   -0.18217237886467E+02    0.17506747132035E+02    0.40789727757716E-13
      0.45199999999999E+01    0.67800000000000E+02    0.17324084753170E+02    0.15000000000000E+02   -0.18315237886467E+02    0.17324084753171E+02    0.41629955467893E-13
      0.45299999999999E+01    0.67950000000000E+02    0.17140442374305E+02    0.15000000000000E+02   -0.18413237886467E+02    0.17140442374306E+02    0.42490519687278E-13
      0.45399999999999E+01    0.68100000000000E+02    0.16955819995441E+02    0.15000000000000E+02   -0.18511237886467E+02    0.16955819995442E+02    0.44210341135282E-13
      0.45499999999999E+01    0.68250000000000E+02    0.16770217616576E+02    0.15000000000000E+02   -0.18609237886467E+02    0.16770217616577E+02    0.45335173618248E-13
      0.45599999999999E+01    0.68400000000000E+02    0.16583635237711E+02    0.15000000000000E+02   -0.18707237886467E+02    0.16583635237712E+02    0.45631009289427E-13
      0.45699999999999E+01    0.68550000000000E+02    0.16396072858847E+02    0.15000000000000E+02   -0.18805237886467E+02    0.16396072858848E+02    0.47019726914894E-13
      0.45799999999999E+01    0.68700000000000E+02    0.16207530479982E+02    0.15000000000000E+02   -0.18903237886467E+02    0.16207530479983E+02    0.47566707910984E-13
      0.45899999999999E+01    0.68850000000000E+02    0.16018008101117E+02    0.15000000000000E+02   -0.19001237886467E+02    0.16018008101118E+02    0.49238484068356E-13
      0.45999999999999E+01    0.69000000000000E+02    0.15827505722253E+02    0.15000000000000E+02   -0.19099237886467E+02    0.15827505722254E+02    0.50953448966619E-13
      0.46099999999999E+01    0.69150000000000E+02    0.15636023343388E+02    0.15000000000000E+02   -0.19197237886467E+02    0.15636023343389E+02    0.51009403310206E-13
      0.46199999999999E+01    0.69300000000000E+02    0.15443560964523E+02    0.15000000000000E+02   -0.19295237886467E+02    0.15443560964524E+02    0.53025367973399E-13
      0.46299999999999E+01    0.69450000000000E+02    0.15250118585659E+02    0.15000000000000E+02   -0.19393237886467E+02    0.15250118585660E+02    0.53348531545870E-13
      0.46399999999999E+01    0.69600000000000E+02    0.15055696206794E+02    0.15000000000000E+02   -0.19491237886467E+02    0.15055696206795E+02    0.55689249881285E-13
      0.46499999999999E+01    0.69750000000000E+02    0.14860293827929E+02    0.15000000000000E+02   -0.19589237886467E+02    0.14860293827930E+02    0.57138746990145E-13
      0.46599999999999E+01    0.69900000000000E+02    0.14663911449065E+02    0.15000000000000E+02   -0.19687237886467E+02    0.14663911449066E+02    0.58751927826461E-13
      0.46699999999999E+01    0.70050000000000E+02    0.14466549070200E+02    0.15000000000000E+02   -0.19785237886467E+02    0.14466549070201E+02    0.58571135955242E-13
      0.46799999999999E+01    0.70200000000000E+02    0.14268206691335E+02    0.15000000000000E+02   -0.19883237886467E+02    0.14268206691336E+02    0.60505811460716E-13
      0.46899999999999E+01    0.70350000000000E+02    0.14068884312471E+02    0.15000000000000E+02   -0.19981237886467E+02    0.14068884312472E+02    0.62625647689880E-13
      0.46999999999999E+01    0.70500000000000E+02    0.13868581933606E+02    0.15000000000000E+02   -0.20079237886467E+02    0.13868581933607E+02    0.64939077541412E-13
      0.47099999999999E+01    0.70650000000000E+02    0.13667299554741E+02    0.15000000000000E+02   -0.20177237886467E+02    0.13667299554742E+02    0.66415339862699E-13
      0.47199999999999E+01    0.70800000000000E+02    0.13465037175877E+02    0.15000000000000E+02   -0.20275237886467E+02    0.13465037175878E+02    0.67017213738700E-13
      0.47299999999999E+01    0.70950000000000E+02    0.13261794797012E+02    0.15000000000000E+02   -0.20373237886467E+02    0.13261794797013E+02    0.68847952289036E-13
      0.47399999999999E+01    0.71100000000000E+02    0.13057572418147E+02    0.15000000000000E+02   -0.20471237886467E+02    0.13057572418148E+02    0.70740986678680E-13
      0.47499999999999E+01    0.71250000000000E+02    0.12852370039283E+02    0.15000000000000E+02   -0.20569237886467E+02    0.12852370039284E+02    0.72837931953608E-13
      0.47599999999999E+01    0.71400000000000E+02    0.12646187660418E+02    0.15000000000000E+02   -0.20667237886467E+02    0.12646187660419E+02    0.75149201846309E-13
      0.47699999999999E+01    0.71550000000000E+02    0.12439025281553E+02    0.15000000000000E+02   -0.20765237886467E+02    0.12439025281554E+02    0.76543559030339E-13
      0.47799999999999E+01    0.71700000000000E+02    0.12230882902689E+02    0.15000000000000E+02   -0.20863237886467E+02    0.12230882902690E+02    0.79298513609287E-13
      0.47899999999999E+01    0.71850000000000E+02    0.12021760523824E+02    0.15000000000000E+02   -0.20961237886467E+02    0.12021760523825E+02    0.81121222045475E-13
      0.47999999999999E+01    0.72000000000000E+02    0.11811658144959E+02    0.15000000000000E+02   -0.21059237886467E+02    0.11811658144960E+02    0.83165743550364E-13
      0.48099999999999E+01    0.72150000000000E+02    0.11600575766095E+02    0.15000000000000E+02   -0.21157237886467E+02    0.11600575766096E+02    0.85444648297741E-13
      0.48199999999999E+01    0.72300000000000E+02    0.11388513387230E+02    0.15000000000000E+02   -0.21255237886467E+02    0.11388513387231E+02    0.87815579310260E-13
      0.48299999999999E+01    0.72450000000000E+02    0.11175471008365E+02    0.15000000000000E+02   -0.21353237886467E+02    0.11175471008366E+02    0.90443350518476E-13
      0.48399999999999E+01    0.72600000000000E+02    0.10961448629501E+02    0.15000000000000E+02   -0.21451237886467E+02    0.10961448629502E+02    0.93343642257351E-13
      0.48499999999999E+01    0.72750000000000E+02    0.10746446250636E+02    0.15000000000000E+02   -0.21549237886467E+02    0.10746446250637E+02    0.95211153122725E-13
      0.48599999999999E+01    0.72900000000000E+02    0.10530463871771E+02    0.15000000000000E+02   -0.21647237886467E+02    0.10530463871772E+02    0.97332644488854E-13
      0.48699999999999E+01    0.73050000000000E+02    0.10313501492907E+02    0.15000000000000E+02   -0.21745237886467E+02    0.10313501492908E+02    0.10248045439950E-12
      0.48799999999999E+01    0.73200000000000E+02    0.10095559114042E+02    0.15000000000000E+02   -0.21843237886467E+02    0.10095559114043E+02    0.10662829393759E-12
      0.48899999999999E+01    0.73350000000000E+02    0.98766367351774E+01    0.15000000000000E+02   -0.21941237886467E+02    0.98766367351784E+01    0.10827236497522E-12
      0.48999999999999E+01    0.73500000000000E+02    0.96567343563127E+01    0.15000000000000E+02   -0.22039237886467E+02    0.96567343563138E+01    0.11147373480070E-12
      0.49099999999999E+01    0.73650000000000E+02    0.94358519774480E+01    0.15000000000000E+02   -0.22137237886467E+02    0.94358519774491E+01    0.11653053547434E-12
      0.49199999999999E+01    0.73800000000000E+02    0.92139895985834E+01    0.15000000000000E+02   -0.22235237886467E+02    0.92139895985845E+01    0.11895087987492E-12
      0.49299999999999E+01    0.73950000000000E+02    0.89911472197187E+01    0.15000000000000E+02   -0.22333237886467E+02    0.89911472197198E+01    0.12170146771378E-12
      0.49399999999999E+01    0.74100000000000E+02    0.87673248408540E+01    0.15000000000000E+02   -0.22431237886467E+02    0.87673248408552E+01    0.12967106818244E-12
      0.49499999999999E+01    0.74250000000000E+02    0.85425224619894E+01    0.15000000000000E+02   -0.22529237886467E+02    0.85425224619905E+01    0.13495493794723E-12
      0.49599999999999E+01    0.74400000000000E+02    0.83167400831247E+01    0.15000000000000E+02   -0.22627237886467E+02    0.83167400831258E+01    0.13733715810739E-12
      0.49699999999999E+01    0.74550000000000E+02    0.80899777042600E+01    0.15000000000000E+02   -0.22725237886467E+02    0.80899777042612E+01    0.14184544880119E-12
      0.49799999999999E+01    0.74700000000000E+02    0.78622353253954E+01    0.15000000000000E+02   -0.22823237886467E+02    0.78622353253965E+01    0.14674500564282E-12
      0.49899999999999E+01    0.74850000000000E+02    0.76335129465307E+01    0.15000000000000E+02   -0.22921237886467E+02    0.76335129465319E+01    0.15405072814047E-12
      0.49999999999999E+01    0.75000000000000E+02    0.74038105676660E+01    0.15000000000000E+02   -0.23019237886467E+02    0.74038105676672E+01    0.16206911752375E-12
      0.50099999999999E+01    0.75150000000000E+02    0.71731281888014E+01    0.15000000000000E+02   -0.23117237886467E+02    0.71731281888025E+01    0.16480473309626E-12
      0.50199999999999E+01    0.75300000000000E+02    0.69414658099367E+01    0.15000000000000E+02   -0.23215237886467E+02    0.69414658099379E+01    0.17414345360331E-12
      0.50299999999999E+01    0.75450000000000E+02    0.67088234310720E+01    0.15000000000000E+02   -0.23313237886467E+02    0.67088234310732E+01    0.17806400582308E-12
      0.50399999999999E+01    0.75600000000000E+02    0.64752010522074E+01    0.15000000000000E+02   -0.23411237886467E+02    0.64752010522086E+01    0.18915212529945E-12
      0.50499999999999E+01    0.75750000000000E+02    0.62405986733427E+01    0.15000000000000E+02   -0.23509237886467E+02    0.62405986733439E+01    0.19896703757677E-12
      0.50599999999999E+01    0.75900000000000E+02    0.60050162944780E+01    0.15000000000000E+02   -0.23607237886467E+02    0.60050162944793E+01    0.20751223006420E-12
      0.50699999999999E+01    0.76050000000000E+02    0.57684539156133E+01    0.15000000000000E+02   -0.23705237886467E+02    0.57684539156146E+01    0.21710003929948E-12
      0.50799999999999E+01    0.76200000000000E+02    0.55309115367487E+01    0.15000000000000E+02   -0.23803237886467E+02    0.55309115367499E+01    0.22786934290673E-12
      0.50899999999999E+01    0.76350000000000E+02    0.52923891578840E+01    0.15000000000000E+02   -0.23901237886467E+02    0.52923891578853E+01    0.24250254056894E-12
      0.50999999999999E+01    0.76500000000000E+02    0.50528867790193E+01    0.15000000000000E+02   -0.23999237886467E+02    0.50528867790206E+01    0.25610626441820E-12
      0.51099999999999E+01    0.76650000000000E+02    0.48124044001547E+01    0.15000000000000E+02   -0.24097237886467E+02    0.48124044001560E+01    0.26853512157494E-12
      0.51199999999999E+01    0.76800000000000E+02    0.45709420212900E+01    0.15000000000000E+02   -0.24195237886467E+02    0.45709420212913E+01    0.28893853913312E-12
      0.51299999999999E+01    0.76950000000000E+02    0.43284996424253E+01    0.15000000000000E+02   -0.24293237886467E+02    0.43284996424267E+01    0.30532738770722E-12
      0.51399999999999E+01    0.77100000000000E+02    0.40850772635607E+01    0.15000000000000E+02   -0.24391237886467E+02    0.40850772635620E+01    0.32417355617362E-12
      0.51499999999999E+01    0.77250000000000E+02    0.38406748846960E+01    0.15000000000000E+02   -0.24489237886467E+02    0.38406748846974E+01    0.35335889291466E-12
      0.51599999999999E+01    0.77400000000000E+02    0.35952925058313E+01    0.15000000000000E+02   -0.24587237886467E+02    0.35952925058327E+01    0.37117649633082E-12
      0.51699999999999E+01    0.77550000000000E+02    0.33489301269667E+01    0.15000000000000E+02   -0.24685237886467E+02    0.33489301269680E+01    0.40922302037936E-12
      0.51799999999999E+01    0.77700000000000E+02    0.31015877481020E+01    0.15000000000000E+02   -0.24783237886467E+02    0.31015877481034E+01    0.43555736160938E-12
      0.51899999999999E+01    0.77850000000000E+02    0.28532653692373E+01    0.15000000000000E+02   -0.24881237886467E+02    0.28532653692387E+01    0.48716086551794E-12
      0.51999999999999E+01    0.78000000000000E+02    0.26039629903727E+01    0.15000000000000E+02   -0.24979237886467E+02    0.26039629903741E+01    0.53857667328253E-12
      0.52099999999999E+01    0.78150000000000E+02    0.23536806115080E+01    0.15000000000000E+02   -0.25077237886467E+02    0.23536806115094E+01    0.58962068769878E-12
      0.52199999999999E+01    0.78300000000000E+02    0.21024182326433E+01    0.15000000000000E+02   -0.25175237886467E+02    0.21024182326448E+01    0.68099847610031E-12
      0.52299999999999E+01    0.78450000000000E+02    0.18501758537787E+01    0.15000000000000E+02   -0.25273237886467E+02    0.18501758537801E+01    0.76760124730787E-12
      0.52399999999999E+01    0.78600000000000E+02    0.15969534749140E+01    0.15000000000000E+02   -0.25371237886467E+02    0.15969534749154E+01    0.90085717455573E-12
      0.52499999999999E+01    0.78750000000000E+02    0.13427510960493E+01    0.15000000000000E+02   -0.25469237886467E+02    0.13427510960508E+01    0.10862854731919E-11
      0.52599999999999E+01    0.78900000000000E+02    0.10875687171847E+01    0.15000000000000E+02   -0.25567237886467E+02    0.10875687171861E+01    0.13348376098532E-11
      0.52699999999999E+01    0.79050000000000E+02    0.83140633832000E+00    0.15000000000000E+02   -0.25665237886467E+02    0.83140633832147E+00    0.17738862430248E-11
      0.52799999999999E+01    0.79200000000000E+02    0.57426395945533E+00    0.15000000000000E+02   -0.25763237886467E+02    0.57426395945680E+00    0.25618123960319E-11
      0.52899999999999E+01    0.79350000000000E+02    0.31614158059066E+00    0.15000000000000E+02   -0.25861237886467E+02    0.31614158059216E+00    0.47367031341133E-11
      0.52999999999999E+01    0.79500000000000E+02    0.57039201725994E-01    0.15000000000000E+02   -0.25959237886467E+02    0.57039201727520E-01    0.26741878696324E-10
      0.53099999999999E+01    0.79650000000000E+02   -0.20304317713867E+00    0.15000000000000E+02   -0.26057237886467E+02   -0.20304317713718E+00    0.73773121852416E-11
